0	1	2	0	1	1	e01-014.png	
1	1	2	2	0	1	e01-018.png	
2	1	0	2	0	1	e01-022.png	
0	1	0	1	2	1	e01-025.png	
2	0	1	2	2	1	e01-029.png	
2	0	1	2	1	1	e01-032.png	
1	0	2	2	2	1	e01-035.png	
1	1	2	2	1	1	e01-050.png	
1	1	0	1	1	1	e01-055.png	
1	0	2	2	1	1	e01-059.png	
0	1	2	0	0	1	e01-062.png	
2	0	1	0	2	1	e01-081.png	
2	1	2	2	0	1	e01-086.png	
0	1	0	2	0	1	e01-092.png	
2	1	0	2	2	1	e01-102.png	
1	1	2	2	0	0	e01-107.png	
2	0	2	2	1	1	e01-113.png	
2	0	1	2	2	1	e01-119.png	
0	1	0	2	0	1	e02-000.png	
0	0	1	0	0	1	e02-014.png	
2	1	2	2	0	1	e02-018.png	
0	0	2	1	2	1	e02-021.png	
1	0	2	2	2	1	e02-025.png	
2	0	2	2	2	1	e02-074.png	
1	1	2	1	1	1	e02-082.png	
2	0	2	0	1	1	e02-086.png	
0	1	2	0	1	0	e02-091.png	
2	0	2	0	2	1	e02-094.png	
0	1	2	0	0	1	e02-100.png	
0	0	1	2	2	1	e02-117.png	
2	0	1	0	2	1	e04-000.png	
2	0	1	2	2	1	e04-004.png	
1	0	1	0	2	1	e04-008.png	
2	1	0	2	0	1	e04-011.png	
0	1	2	2	0	1	e04-015.png	
2	0	1	0	0	1	e04-019.png	
2	0	1	0	2	1	e04-022.png	
1	0	1	0	2	1	e04-026.png	
1	0	2	0	2	1	e04-030.png	
1	1	2	2	0	1	e04-034.png	
2	0	2	2	1	1	e04-038.png	
2	0	2	2	1	1	e04-043.png	
2	1	2	2	0	1	e04-052.png	
1	1	2	0	0	1	e04-058.png	
2	1	2	2	0	1	e04-062.png	
2	0	1	0	2	1	e04-068.png	
2	0	1	0	0	1	e04-079.png	
1	0	1	0	2	1	e04-083.png	
2	1	2	0	0	1	e04-086.png	
2	0	1	0	2	1	e04-091.png	
0	0	2	2	2	1	e04-095.png	
2	1	2	2	1	1	e04-099.png	
2	1	0	2	0	1	e04-103.png	
0	0	1	2	2	1	e04-109.png	
0	0	2	2	2	1	e04-114.png	
1	0	2	2	2	1	e04-119.png	
1	1	2	2	0	1	e04-124.png	
1	0	2	2	2	1	e04-127.png	
1	1	0	0	2	1	e04-132.png	
1	0	1	2	2	1	e06-000.png	
0	1	0	1	2	1	e06-003.png	
0	0	1	2	2	1	e06-006.png	
2	1	0	2	0	1	e06-010.png	
1	1	0	1	2	1	e06-015.png	
1	1	2	1	0	1	e06-021.png	
1	1	0	1	2	1	e06-026.png	
0	1	0	1	2	1	e06-030.png	
2	1	0	1	2	1	e06-033.png	
0	0	1	2	2	1	e06-037.png	
2	0	1	2	2	1	e06-041.png	
0	0	2	2	1	1	e06-046.png	
2	0	2	2	1	1	e06-049.png	
1	1	0	1	2	1	e06-053.png	
0	1	0	1	2	1	e06-070.png	
2	0	2	0	2	1	e07-000.png	
2	1	2	2	1	1	e07-003.png	
1	1	2	2	0	1	e07-007.png	
1	1	2	1	0	1	e07-012.png	
1	1	2	1	0	1	e07-061.png	
2	1	2	2	0	1	e07-066.png	
1	1	2	1	0	1	e07-072.png	
0	1	0	1	0	1	e07-076.png	
0	0	2	1	2	1	e07-079.png	
0	0	2	1	1	1	e07-083.png	
1	1	0	1	2	1	e07-086.png	
2	1	0	1	0	1	e07-090.png	
0	1	2	2	0	1	e07-094.png	
2	0	1	2	2	1	e07-098.png	
2	1	0	2	0	1	e07-101.png	
2	1	2	0	0	1	e07-105.png	
2	1	2	2	0	1	e07-108.png	
2	1	0	2	0	1	e07-112.png	
2	0	2	0	1	1	f01-053.png	
2	0	1	2	2	1	f01-058.png	
2	1	0	1	2	1	f01-066.png	
0	1	2	2	1	1	f01-070.png	
0	1	2	2	0	1	f01-075.png	
1	1	0	1	2	1	f01-081.png	
2	0	2	2	2	1	f01-085.png	
1	1	0	1	2	1	f01-135.png	
0	0	2	2	2	1	f01-139.png	
1	0	1	2	2	1	f01-143.png	
2	1	2	2	1	1	f01-147.png	
2	1	2	2	0	1	f02-000.png	
0	0	1	0	2	1	f02-003.png	
2	1	0	2	2	1	f02-017.png	
0	0	2	2	2	1	f02-020.png	
2	0	2	2	2	1	f02-030.png	
2	0	2	1	2	1	f02-033.png	
1	1	2	1	0	1	f02-036.png	
0	0	1	2	2	1	f02-038.png	
2	0	1	1	2	1	f02-040.png	
1	1	2	1	0	1	f02-044.png	
2	0	1	0	2	1	f02-076.png	
1	1	2	2	0	1	f03-169.png	
0	1	2	2	0	1	f03-174.png	
1	0	1	2	2	1	f03-182.png	
1	1	2	2	1	1	f03-191.png	
2	1	0	1	2	1	f04-004.png	
1	0	2	0	1	1	f04-007.png	
0	1	0	1	2	1	f04-011.png	
0	1	0	1	0	1	f04-016.png	
0	1	2	2	0	1	f04-020.png	
0	0	2	2	2	1	f04-024.png	
0	1	0	1	2	1	f04-028.png	
2	0	2	2	2	1	f04-032.png	
1	0	1	0	2	1	f04-035.png	
2	0	1	0	1	1	f04-039.png	
0	0	1	0	2	1	f04-043.png	
0	0	1	0	2	1	f04-046.png	
0	0	1	0	2	1	f04-049.png	
2	0	2	0	2	1	f04-053.png	
1	0	2	2	2	1	f04-057.png	
1	0	1	0	2	1	f04-061.png	
1	0	2	2	2	1	f04-064.png	
1	0	1	0	2	1	f04-068.png	
0	0	1	2	2	1	f04-071.png	
1	1	0	1	2	1	f04-074.png	
0	1	0	1	2	1	f04-079.png	
2	0	2	2	2	1	f04-083.png	
2	0	2	0	1	1	f04-087.png	
1	1	0	2	1	1	f04-093.png	
0	1	2	1	0	1	f04-096.png	
0	1	0	1	2	1	f04-100.png	
0	0	2	0	2	1	f07-000.png	
1	1	2	1	0	1	f07-000b.png	
2	1	0	1	2	1	f07-002.png	
1	1	0	1	2	1	f07-006.png	
0	1	0	1	2	1	f07-009.png	
1	1	0	1	0	1	f07-013.png	
1	1	0	1	2	1	f07-016.png	
2	1	2	2	1	1	f07-019a.png	
2	1	0	1	0	1	f07-019b.png	
2	0	2	2	0	1	f07-021a.png	
1	1	0	1	2	1	f07-021b.png	
2	0	2	2	0	1	f07-024a.png	
0	0	2	1	0	1	f07-024b.png	
2	0	2	2	2	1	f07-028a.png	
1	1	0	1	2	1	f07-028b.png	
2	1	2	2	0	1	f07-032a.png	
2	1	0	1	2	1	f07-032b.png	
0	1	0	2	0	1	f07-036.png	
0	1	2	0	1	1	f07-039a.png	
0	1	0	2	2	1	f07-039b.png	
1	0	2	2	0	1	f07-042a.png	
1	0	2	2	0	1	f07-042b.png	
1	1	0	1	2	1	f07-046a.png	
0	1	0	2	2	1	f07-046b.png	
2	1	2	2	0	1	f07-069.png	
2	1	2	2	0	1	f07-073.png	
0	0	2	2	0	1	f07-076a.png	
1	1	2	2	0	1	f07-081a.png	
2	1	2	0	0	1	f07-081b.png	
2	0	1	2	2	1	f07-084a.png	
2	1	2	2	0	1	f07-084b.png	
2	1	2	2	1	1	f07-088a.png	
0	1	0	2	2	1	f07-088b.png	
2	0	2	2	2	1	f07-092a.png	
0	1	2	0	0	1	f07-092b.png	
2	1	0	2	0	1	f07-096.png	
2	1	2	0	0	1	f07-101a.png	
0	1	2	2	0	1	f07-101b.png	
2	1	2	2	1	6	g01-000.png	
1	1	2	0	0	6	g01-004.png	
0	0	2	2	2	6	g01-008.png	
1	1	2	2	1	6	g01-012.png	
2	1	2	2	1	6	g01-016.png	
0	1	0	1	2	6	g01-019.png	
1	0	1	0	2	6	g01-022.png	
0	0	1	0	1	6	g01-025.png	
2	0	1	0	2	6	g01-027.png	
2	0	2	2	2	6	g01-031.png	
0	0	1	0	2	6	g01-034.png	
0	0	1	0	2	6	g01-037.png	
0	1	2	1	1	6	g01-039.png	
2	1	0	1	0	6	g01-043.png	
2	1	2	1	1	6	g01-045.png	
0	1	0	2	2	6	g01-067.png	
0	1	2	2	1	6	g01-070.png	
1	1	2	2	1	6	g01-074.png	
0	1	0	1	2	6	g01-083.png	
1	1	0	1	2	6	g01-088.png	
2	0	2	2	2	1	g02-059.png	
2	1	2	2	1	1	g02-062.png	
2	0	2	1	2	1	g02-065.png	
2	0	2	0	1	6	g02-073.png	
0	1	0	2	2	6	g03-000.png	
0	1	0	0	2	1	g03-004.png	
1	1	0	1	2	6	g03-016.png	
0	0	2	2	2	1	g03-032.png	
1	1	0	1	2	6	g03-040.png	
1	1	0	1	1	6	g03-043.png	
0	1	0	1	1	6	g03-049.png	
1	1	0	1	2	6	g03-052.png	
2	0	1	0	0	6	g03-058.png	
2	0	1	0	0	6	g03-064.png	
0	1	2	2	1	6	g04-003.png	
2	1	2	0	1	6	g04-007.png	
2	0	1	2	2	6	g04-011.png	
2	0	1	0	1	6	g04-014.png	
2	1	2	2	1	6	g04-017.png	
0	1	2	2	1	6	g04-022.png	
1	1	0	2	2	6	g04-026.png	
2	0	1	0	2	6	g04-032.png	
2	0	2	2	1	6	g04-036.png	
2	0	1	2	0	6	g04-039.png	
2	0	1	0	0	6	g04-043.png	
2	0	1	0	2	1	g04-048.png	
0	0	2	2	1	6	g04-052.png	
2	1	2	2	1	6	g04-055.png	
2	0	1	0	2	6	g04-060.png	
2	0	1	0	2	6	g04-063.png	
0	1	2	1	1	6	g04-068.png	
0	1	2	2	1	6	g04-072.png	
2	0	1	0	2	6	g04-077.png	
2	0	1	0	2	6	g04-081.png	
2	0	1	2	2	6	g04-088.png	
2	0	2	2	1	6	g04-092.png	
2	1	2	2	1	6	g04-095.png	
1	1	0	2	0	6	g04-098.png	
2	0	1	0	2	6	g04-101.png	
0	1	2	2	1	6	g04-104.png	
2	0	1	0	0	6	g04-108.png	
1	1	0	2	2	1	g05-087.png	
2	0	2	2	2	6	g05-094.png	
2	0	2	2	2	1	g05-098.png	
0	1	2	1	1	1	g06-011a.png	
2	1	0	1	2	1	g06-011b.png	
0	0	1	2	2	1	g06-011c.png	
2	1	0	2	1	1	g06-011e.png	
0	0	1	0	2	1	g06-011f.png	
2	1	0	2	2	1	g06-011g.png	
2	1	2	2	0	1	g06-011h.png	
2	0	2	2	2	1	g06-011i.png	
2	1	2	1	1	1	g06-011j.png	
2	1	0	1	2	1	g06-011k.png	
1	1	2	2	0	1	g06-011l.png	
1	1	0	1	2	1	g06-011m.png	
1	1	2	2	0	1	g06-011n.png	
1	1	0	1	2	1	g06-011o.png	
2	1	2	2	0	1	g06-011p.png	
0	1	2	2	0	1	g06-011r.png	
2	0	2	2	2	1	g06-018a.png	
0	1	0	1	2	1	g06-018b.png	
2	0	1	0	2	1	g06-018c.png	
0	0	1	2	2	1	g06-018d.png	
0	1	2	2	1	1	g06-018e.png	
0	0	2	0	1	1	g06-018f.png	
2	1	0	2	0	1	g06-018g.png	
2	0	2	2	2	1	g06-018h.png	
0	0	2	0	2	1	g06-018i.png	
0	1	0	2	0	1	g06-018j.png	
2	1	2	2	1	1	g06-018k.png	
0	0	2	0	2	1	g06-018l.png	
2	1	2	2	0	1	g06-018m.png	
1	1	2	2	0	1	g06-018n.png	
2	1	0	1	2	1	g06-018o.png	
2	0	2	2	2	1	g06-018p.png	
2	0	2	2	2	1	g06-018r.png	
1	1	0	0	0	1	g06-026a.png	
1	1	0	2	2	1	g06-026b.png	
0	0	2	0	2	1	g06-026c.png	
0	1	0	0	2	1	g06-026d.png	
0	1	2	0	0	1	g06-026e.png	
0	0	1	0	2	1	g06-026f.png	
2	1	0	0	0	1	g06-026g.png	
2	1	2	0	0	1	g06-026h.png	
2	0	2	0	2	1	g06-026i.png	
2	1	0	2	0	1	g06-026j.png	
2	1	2	2	1	1	g06-026k.png	
2	0	1	0	2	1	g06-026l.png	
2	1	0	2	0	1	g06-026m.png	
2	1	0	2	2	1	g06-026n.png	
0	1	0	2	2	1	g06-026o.png	
1	1	0	0	0	1	g06-026p.png	
0	1	2	0	0	1	g06-026r.png	
0	1	2	2	0	1	g06-031a.png	
1	1	0	1	0	1	g06-031b.png	
2	0	1	0	2	1	g06-031c.png	
0	1	2	2	0	1	g06-031d.png	
2	1	2	2	0	1	g06-031e.png	
0	0	2	0	2	1	g06-031f.png	
2	1	2	2	0	1	g06-031g.png	
0	0	2	2	2	1	g06-031h.png	
0	0	1	0	2	1	g06-031i.png	
2	1	0	1	2	1	g06-031j.png	
2	1	2	2	1	1	g06-031k.png	
2	0	1	0	2	1	g06-031l.png	
2	0	1	2	2	1	g06-031m.png	
2	1	0	1	2	1	g06-031n.png	
0	1	0	1	2	1	g06-031o.png	
2	1	2	2	0	1	g06-031p.png	
2	0	2	0	1	1	g06-031r.png	
2	1	2	1	0	1	g06-037b.png	
0	0	1	2	2	1	g06-037c.png	
0	1	0	1	0	1	g06-037d.png	
0	1	2	2	0	1	g06-037e.png	
0	0	2	2	1	1	g06-037f.png	
2	0	2	2	1	1	g06-037g.png	
2	0	2	1	2	1	g06-037h.png	
2	0	1	2	2	1	g06-037i.png	
0	1	2	1	1	1	g06-037j.png	
2	1	2	1	1	1	g06-037k.png	
1	0	1	2	2	1	g06-037l.png	
2	1	0	1	0	1	g06-037m.png	
2	1	2	1	0	1	g06-037n.png	
0	1	0	1	2	1	g06-037o.png	
2	0	2	2	2	1	g06-037p.png	
2	0	2	2	2	1	g06-037r.png	
1	1	2	0	0	1	g06-042a.png	
2	1	2	2	0	1	g06-042b.png	
2	0	1	0	2	1	g06-042c.png	
0	0	2	0	1	1	g06-042d.png	
0	0	2	0	2	1	g06-042e.png	
0	0	1	0	2	1	g06-042f.png	
2	1	2	0	0	1	g06-042g.png	
1	0	1	0	2	1	g06-042h.png	
0	0	1	0	2	1	g06-042i.png	
0	1	0	0	0	1	g06-042j.png	
2	1	0	2	2	1	g06-042k.png	
2	0	1	0	2	1	g06-042l.png	
1	0	1	0	2	1	g06-042m.png	
0	1	0	2	0	1	g06-042n.png	
2	1	0	2	2	1	g06-042o.png	
2	0	2	0	2	1	g06-042p.png	
0	0	1	0	2	1	g06-042r.png	
0	1	2	2	0	1	g06-045a.png	
0	1	0	2	0	1	g06-045b.png	
0	0	1	0	2	1	g06-045c.png	
0	0	2	2	2	1	g06-045d.png	
2	0	2	2	2	1	g06-045e.png	
0	0	2	0	2	1	g06-045f.png	
2	0	1	0	2	1	g06-045g.png	
2	0	2	0	2	1	g06-045h.png	
0	0	1	0	2	1	g06-045i.png	
2	0	2	2	1	1	g06-045j.png	
2	1	2	2	0	1	g06-045k.png	
0	0	1	0	2	1	g06-045l.png	
2	0	2	2	1	1	g06-045m.png	
0	1	0	2	0	1	g06-045n.png	
2	1	2	2	0	1	g06-045o.png	
0	0	1	2	2	1	g06-045p.png	
0	0	1	0	2	1	g06-045r.png	
2	0	2	2	2	1	g06-047a.png	
2	1	2	2	1	1	g06-047b.png	
2	0	2	0	2	1	g06-047c.png	
0	0	2	0	2	1	g06-047d.png	
0	1	2	2	0	1	g06-047e.png	
2	0	2	0	2	1	g06-047f.png	
0	1	2	0	0	1	g06-047g.png	
2	0	2	0	2	1	g06-047h.png	
2	0	1	0	2	1	g06-047i.png	
0	0	2	2	2	1	g06-047j.png	
2	1	2	2	1	1	g06-047k.png	
2	0	2	0	2	1	g06-047l.png	
2	1	0	2	0	1	g06-047m.png	
2	0	2	2	2	1	g06-047n.png	
1	1	0	1	2	1	g06-047o.png	
2	1	2	2	0	1	g06-047p.png	
2	1	2	0	0	1	g06-047r.png	
1	1	0	2	2	1	g06-050a.png	
2	1	0	2	2	1	g06-050b.png	
1	1	2	0	0	1	g06-050c.png	
2	1	0	2	2	1	g06-050d.png	
0	1	0	2	2	1	g06-050e.png	
0	1	0	0	2	1	g06-050f.png	
2	1	0	2	0	1	g06-050g.png	
1	0	2	2	2	1	g06-050h.png	
2	0	2	0	2	1	g06-050i.png	
1	1	2	2	1	1	g06-050j.png	
2	1	0	1	0	1	g06-050k.png	
0	0	1	2	2	1	g06-050l.png	
2	1	0	1	2	1	g06-050m.png	
2	1	0	1	2	1	g06-050n.png	
0	1	0	1	2	1	g06-050o.png	
2	1	2	2	1	1	g06-050p.png	
0	1	2	0	0	1	g06-050r.png	
0	0	1	0	2	1	g06-089.png	
2	0	1	0	2	1	g06-093.png	
2	0	1	0	2	1	g06-096.png	
2	0	1	0	2	1	g06-101.png	
2	0	2	0	2	1	g06-105.png	
2	0	1	0	2	1	g06-109.png	
2	0	1	0	2	1	g06-115.png	
2	1	2	2	0	1	g07-000a.png	
1	1	0	1	2	1	g07-000b.png	
2	0	2	2	2	1	g07-003a.png	
0	0	1	2	0	1	g07-003b.png	
2	1	2	2	0	1	g07-007a.png	
2	1	2	0	0	1	g07-007b.png	
1	1	2	2	0	1	g07-010b.png	
2	0	2	2	0	1	g07-014.png	
2	1	2	0	0	1	g07-014b.png	
1	1	2	1	0	1	g07-018a.png	
0	1	0	2	0	1	g07-022a.png	
0	1	0	2	2	1	g07-022b.png	
0	1	0	2	2	1	g07-026a.png	
2	1	0	1	2	1	g07-026b.png	
0	0	2	2	0	1	g07-028a.png	
2	1	2	2	1	1	g07-028b.png	
2	1	2	2	0	1	g07-030.png	
0	1	0	2	2	1	g07-034.png	
1	1	2	1	0	1	g07-038.png	
1	1	2	2	0	1	g07-042.png	
2	1	2	1	0	1	g07-044.png	
2	1	2	1	0	1	g07-047.png	
1	1	0	2	0	1	g07-050.png	
0	0	1	0	0	1	g07-065.png	
2	0	1	0	2	1	g07-069a.png	
1	1	2	1	1	1	g07-071a.png	
2	1	2	1	0	1	g07-074a.png	
1	1	0	2	1	1	g07-077a.png	
0	1	0	1	2	1	g07-079a.png	
0	0	1	0	2	1	g07-084.png	
2	1	0	1	2	6	h01-000.png	
1	1	2	0	1	6	h01-004.png	
0	1	0	1	2	6	h01-007.png	
1	0	2	2	1	6	h01-010.png	
2	0	2	2	2	6	h01-014.png	
0	1	2	2	1	6	h01-018.png	
2	1	0	2	2	1	h01-024.png	
2	1	0	1	2	6	h01-027.png	
0	1	0	1	0	1	h01-030.png	
2	0	2	2	1	6	h02-004.png	
2	0	1	2	0	6	h02-008.png	
0	1	2	2	1	6	h02-012.png	
2	1	2	2	1	6	h02-017.png	
1	0	1	1	1	1	h02-019.png	
0	0	2	2	2	1	h02-022.png	
1	0	1	0	2	6	h02-024.png	
1	0	2	2	2	6	h02-028.png	
2	0	2	2	2	1	h02-035.png	
1	1	2	1	1	1	h02-037.png	
1	1	0	1	2	6	h02-040.png	
1	1	2	2	1	6	h02-043.png	
2	0	2	0	2	6	h02-049.png	
2	0	1	2	2	6	h04-000.png	
1	0	1	2	2	6	h04-007.png	
2	0	1	2	2	6	h04-021.png	
0	1	2	2	1	6	h04-025.png	
2	1	2	1	1	1	h04-028.png	
1	0	2	2	1	6	h04-035.png	
1	0	2	0	1	6	h04-049.png	
2	0	1	2	2	6	h04-052.png	
2	0	1	2	2	6	h04-055.png	
2	0	2	2	2	6	h04-057.png	
2	0	1	2	2	6	h04-061.png	
1	0	2	0	2	6	h04-071.png	
0	1	0	2	0	6	h04-074.png	
0	0	1	0	0	6	h04-078.png	
1	0	1	2	2	6	h04-082.png	
2	1	2	2	1	6	h05-012.png	
2	0	1	0	2	1	h06-000.png	
2	0	1	0	2	1	h06-003.png	
1	1	2	2	0	1	h06-079.png	
0	1	2	1	0	1	h06-082.png	
0	1	2	1	0	1	h06-085.png	
0	1	2	1	0	1	h06-089.png	
0	0	2	1	1	1	h06-092.png	
0	1	2	2	0	1	h06-096.png	
0	0	1	0	0	1	h07-000.png	
1	0	1	2	0	1	h07-003.png	
1	0	2	2	0	1	h07-007.png	
2	0	2	0	0	1	h07-011.png	
1	1	0	1	2	1	h07-013.png	
2	1	0	1	0	1	h07-017.png	
1	1	0	1	2	1	h07-020.png	
2	1	0	1	2	1	h07-023.png	
2	1	2	1	0	1	h07-025.png	
1	1	0	1	2	1	h07-025a.png	
0	0	2	2	0	1	h07-028.png	
1	1	0	2	1	1	h07-028a.png	
2	1	2	2	0	1	h07-030.png	
2	1	2	1	1	1	h07-030a.png	
2	1	0	2	0	1	h07-033.png	
2	1	0	1	0	1	h07-033a.png	
0	1	2	2	0	1	h07-037.png	
1	1	0	2	2	1	h07-037a.png	
1	0	2	2	0	0	h07-040.png	
1	1	0	1	0	1	h07-040b.png	
2	0	2	2	0	0	h07-044a.png	
2	1	0	2	1	1	h07-051b.png	
1	1	0	1	2	1	h07-054a.png	
1	1	0	2	0	1	h07-057a.png	
2	1	2	2	0	1	h07-060a.png	
2	1	0	1	2	1	h07-060b.png	
0	1	0	1	2	1	h07-063a.png	
2	1	0	1	2	1	h07-063b.png	
2	1	0	2	0	1	h07-066a.png	
1	1	0	1	2	1	h07-066b.png	
1	1	2	0	0	1	h07-069.png	
2	1	0	2	2	1	h07-069a.png	
1	1	0	2	0	1	h07-071.png	
1	1	0	1	2	1	h07-071a.png	
1	1	2	2	0	1	h07-075.png	
1	1	0	1	2	1	h07-075a.png	
2	1	2	2	0	0	h07-078.png	
1	1	0	1	2	1	h07-078a.png	
1	1	0	1	0	1	h07-080.png	
1	1	0	1	2	1	h07-080a.png	
1	1	0	1	2	1	h07-084.png	
2	1	2	0	0	1	h07-087.png