0	1	0	0	1	1	a01-000u.png	
2	0	1	0	2	6	a01-000x.png	
2	0	1	0	2	6	a01-003.png	
2	1	2	1	1	1	a01-003u.png	
1	1	0	1	2	6	a01-003x.png	
2	0	1	0	0	1	a01-007.png	
0	1	0	2	1	1	a01-007u.png	
0	1	0	2	2	6	a01-007x.png	
2	1	2	2	1	6	a01-011.png	
1	1	2	2	1	1	a01-011u.png	
0	1	0	1	0	6	a01-011x.png	
2	0	2	1	1	1	a01-014.png	
2	1	2	2	1	1	a01-014u.png	
0	0	1	2	2	6	a01-014x.png	
2	0	1	2	2	6	a01-020.png	
2	0	1	2	2	1	a01-020u.png	
0	1	0	2	2	6	a01-020x.png	
1	0	2	2	2	6	a01-026.png	
1	1	0	1	0	1	a01-026u.png	
0	0	1	1	2	6	a01-026x.png	
2	1	2	2	1	6	a01-030.png	
2	1	0	2	2	1	a01-030u.png	
2	0	2	2	1	6	a01-030x.png	
0	1	0	1	2	6	a01-038.png	
1	1	0	1	2	6	a01-038x.png	
2	1	0	1	1	6	a01-043.png	
1	0	1	2	2	1	a01-043u.png	
0	1	2	1	1	6	a01-043x.png	
2	1	0	1	2	6	a01-049.png	
1	1	0	1	2	1	a01-049u.png	
1	0	2	2	1	6	a01-049x.png	
1	1	0	1	1	6	a01-053.png	
0	1	0	2	1	1	a01-053u.png	
2	0	1	1	2	6	a01-053x.png	
2	1	0	1	1	6	a01-058.png	
1	1	2	2	1	1	a01-058u.png	
0	1	0	1	2	6	a01-058x.png	
0	1	0	1	1	6	a01-063.png	
2	0	1	0	2	1	a01-063u.png	
1	1	2	1	1	6	a01-063x.png	
0	1	2	2	1	1	a01-068u.png	
0	0	2	0	2	1	a01-072u.png	
2	0	1	0	2	6	a01-072x.png	
2	0	2	1	1	6	a01-077.png	
2	0	1	0	2	1	a01-077u.png	
2	1	2	2	1	1	a01-082u.png	
1	0	2	2	1	6	a01-087.png	
0	1	2	2	1	1	a01-087u.png	
1	0	2	1	2	6	a01-091.png	
2	0	2	0	2	1	a01-091u.png	
1	1	2	2	1	1	a01-096u.png	
0	1	0	1	2	6	a01-102.png	
1	0	2	2	2	1	a01-102u.png	
2	0	2	2	2	6	a01-107.png	
2	0	1	2	2	1	a01-107u.png	
1	1	0	2	1	6	a01-113.png	
2	1	2	2	1	6	a01-113u.png	
0	1	0	1	2	1	a01-117.png	
2	1	2	2	1	1	a01-117u.png	
2	1	0	2	2	6	a01-122.png	
2	0	1	2	1	1	a01-122u.png	
0	1	0	1	0	6	a01-128.png	
1	1	0	2	0	1	a01-128u.png	
2	0	2	2	2	6	a01-132.png	
2	1	2	2	1	6	a01-132u.png	
0	0	1	2	2	6	a01-132x.png	
0	0	2	2	1	6	a02-000.png	
2	1	2	1	1	6	a02-004.png	
1	0	1	0	2	6	a02-008.png	
0	0	2	1	2	6	a02-012.png	
1	1	2	2	1	0	a02-017.png	
1	1	2	0	1	0	a02-020.png	
0	0	2	0	2	0	a02-024.png	
1	1	2	2	0	0	a02-027.png	
1	1	2	2	0	0	a02-032.png	
1	1	0	1	0	0	a02-037.png	
1	0	2	2	2	0	a02-042.png	
0	0	2	2	2	6	a02-046.png	
2	0	2	0	1	6	a02-050.png	
0	1	2	2	1	6	a02-053.png	
0	1	2	2	1	6	a02-057.png	
2	0	2	2	2	6	a02-062.png	
0	1	2	2	1	6	a02-067.png	
0	1	0	2	0	1	a02-072.png	
0	0	1	0	0	1	a02-078.png	
2	0	2	0	1	6	a02-082.png	
2	1	2	2	1	6	a02-086.png	
0	0	2	0	1	0	a02-090.png	
1	1	2	2	1	0	a02-093.png	
0	0	1	2	2	0	a02-098.png	
2	1	2	2	0	0	a02-102.png	
1	0	2	1	2	0	a02-106.png	
2	0	2	1	2	0	a02-111.png	
1	0	2	2	2	6	a02-116.png	
0	1	0	1	1	6	a02-120.png	
0	0	1	0	0	0	a02-124.png	
1	1	0	2	2	6	a03-006.png	
1	1	0	2	0	6	a03-009.png	
0	1	2	2	1	6	a03-011.png	
2	1	0	1	2	6	a03-014.png	
1	0	2	2	2	6	a03-017.png	
2	1	0	1	1	6	a03-020.png	
2	1	2	2	1	1	a03-023.png	
2	0	2	1	2	1	a03-027.png	
1	0	2	0	1	6	a03-030.png	
0	1	2	2	1	6	a03-034.png	
0	0	1	2	2	6	a03-037.png	
2	0	2	2	1	1	a03-040.png	
0	1	0	2	2	6	a03-043.png	
2	0	2	2	1	0	a03-047.png	
0	1	2	0	0	0	a03-050.png	
2	1	0	1	1	6	a03-054.png	
2	1	0	1	0	1	a03-059.png	
0	1	0	1	0	6	a03-063.png	
2	0	1	2	2	1	a03-066.png	
1	0	1	0	2	0	a03-071.png	
0	0	1	2	2	0	a03-073.png	
1	0	1	2	2	0	a03-080.png	
0	0	1	0	2	0	a03-089.png	
0	1	2	0	1	6	a04-000.png	
0	1	0	2	0	6	a04-003.png	
2	1	0	1	1	6	a04-006.png	
0	1	0	1	0	6	a04-010.png	
0	0	2	2	2	6	a04-015.png	
1	1	2	2	1	6	a04-019.png	
1	1	0	2	2	6	a04-023.png	
0	1	0	2	0	6	a04-027.png	
2	0	2	2	2	6	a04-031.png	
0	0	1	2	2	6	a04-035.png	
2	1	2	2	1	6	a04-039.png	
0	0	1	0	2	6	a04-043.png	
2	1	0	1	2	6	a04-047.png	
2	1	0	2	0	6	a04-050.png	
2	1	0	2	0	6	a04-054.png	
2	0	2	1	2	6	a04-059.png	
2	0	2	2	1	6	a04-066.png	
0	1	2	2	1	6	a04-069.png	
1	0	2	1	1	6	a04-072.png	
0	1	2	2	1	6	a04-081.png	
0	1	2	1	1	6	a04-085.png	
2	1	2	1	1	6	a04-089.png	
0	0	2	1	2	6	a04-092.png	
0	1	2	2	1	6	a04-096.png	
1	0	2	1	2	6	a04-099.png	
1	0	1	2	2	1	a04-103.png	
0	0	1	0	2	0	a05-000.png	
0	0	2	2	2	6	a05-004.png	
0	0	1	0	2	6	a05-009.png	
0	0	2	0	0	0	a05-013.png	
1	0	1	2	0	0	a05-017.png	
1	0	1	0	0	0	a05-022.png	
1	0	1	0	0	0	a05-025.png	
1	0	1	0	0	0	a05-029.png	
0	0	2	2	2	0	a05-039.png	
0	1	2	2	1	0	a05-044.png	
0	0	2	2	0	0	a05-048.png	
2	0	1	2	0	0	a05-053.png	
1	0	1	0	0	0	a05-058.png	
1	0	2	0	2	0	a05-062.png	
0	0	1	0	2	0	a05-069.png	
0	1	2	2	0	0	a05-073.png	
2	1	2	2	1	0	a05-080.png	
2	0	1	0	2	0	a05-084.png	
2	1	2	2	0	0	a05-089.png	
1	1	2	2	1	0	a05-094.png	
1	0	2	2	0	0	a05-099.png	
0	0	1	0	2	0	a05-104.png	
1	1	2	0	1	0	a05-108.png	
1	0	1	2	2	0	a05-113.png	
1	0	1	2	2	0	a05-116.png	
1	0	2	2	2	0	a05-121.png	
1	0	1	0	2	0	a05-125.png	
2	0	1	0	2	6	a06-000.png	
2	0	1	0	0	6	a06-004.png	
0	1	2	2	1	6	a06-008.png	
1	1	0	2	2	6	a06-014.png	
2	0	2	0	2	6	a06-020.png	
0	1	2	0	1	6	a06-025.png	
2	1	0	1	2	6	a06-036.png	
2	0	1	2	2	6	a06-039.png	
0	1	0	2	0	6	a06-044.png	
0	1	0	1	2	6	a06-051.png	
0	0	2	0	2	6	a06-057.png	
0	0	1	2	2	6	a06-064.png	
0	0	1	2	1	6	a06-070.png	
2	1	0	2	2	6	a06-075.png	
1	0	1	2	2	6	a06-090.png	
0	1	0	1	2	6	a06-095.png	
2	1	2	2	1	6	a06-100.png	
0	1	0	2	0	6	a06-110.png	
0	0	2	2	1	6	a06-114.png	
2	1	0	2	1	6	a06-119.png	
0	0	1	0	2	6	a06-124.png	
0	1	2	1	1	6	a06-128.png	
0	0	1	0	2	6	a06-134.png	
0	0	1	0	2	6	a06-141.png	
2	0	2	0	2	6	a06-147.png	
0	1	2	2	1	6	a06-152.png	
2	0	1	0	2	6	a06-157.png	
0	0	1	0	1	1	b01-000.png	
2	0	2	0	2	1	b01-004.png	
0	1	2	0	0	1	b01-009.png	
0	1	2	2	0	1	b01-014.png	
0	0	2	2	2	1	b01-018.png	
0	0	1	0	2	1	b01-023.png	
1	1	0	2	0	1	b01-027.png	
0	0	2	0	2	1	b01-033.png	
1	0	2	1	1	1	b01-038.png	
0	0	2	0	2	1	b01-044.png	
2	0	1	0	0	1	b01-049.png	
1	0	2	2	2	1	b01-053.png	
2	1	0	1	2	1	b01-057.png	
1	1	0	1	2	1	b01-062.png	
1	0	1	0	2	1	b01-073.png	
2	0	2	2	0	1	b01-079.png	
0	1	0	2	0	1	b01-084.png	
0	1	0	2	0	1	b01-089.png	
1	1	0	2	0	1	b01-094.png	
0	1	0	2	2	1	b01-113.png	
0	1	0	2	2	1	b01-118.png	
2	1	0	2	2	1	b01-122.png	
2	1	2	2	0	1	b01-127.png	
2	1	2	2	0	1	b01-132.png	
1	1	2	2	0	1	b01-136.png	
2	0	1	2	0	1	b02-013.png	
2	0	2	2	0	1	b02-035.png	
0	1	2	2	0	1	b02-045.png	
0	1	2	2	1	1	b02-097.png	
2	0	1	0	1	1	b02-102.png	
1	0	1	0	2	1	b02-105.png	
0	1	2	0	0	1	b03-025.png	
1	1	2	0	0	1	b03-087.png	
0	1	2	0	0	1	b03-092.png	
2	0	2	2	2	1	b03-098.png	
1	1	2	1	0	1	b03-104.png	
0	1	0	1	2	1	b03-109.png	
0	1	2	2	0	1	b03-114.png	
2	0	1	0	2	1	b04-000.png	
2	0	1	2	2	1	b04-004.png	
2	0	1	2	2	1	b04-010.png	
2	0	1	2	2	1	b04-020.png	
0	0	2	0	2	1	b04-026.png	
2	0	1	0	2	1	b04-034.png	
0	0	1	0	2	1	b04-040.png	
2	0	2	0	0	1	b04-047.png	
0	1	2	0	0	1	b04-054.png	
0	1	2	2	0	1	b04-060.png	
2	0	2	2	2	1	b04-066.png	
0	0	1	0	2	1	b04-075.png	
0	1	2	2	0	1	b04-081.png	
0	0	2	1	2	1	b04-089.png	
0	1	2	2	0	1	b04-096.png	
0	0	1	2	0	1	b04-103.png	
2	0	1	2	2	1	b04-107.png	
0	0	2	2	2	1	b04-116.png	
2	0	1	0	2	1	b04-121.png	
0	0	1	0	2	1	b04-128.png	
0	1	2	1	0	1	b04-134.png	
0	1	0	1	2	1	b04-140.png	
2	1	2	2	0	1	b04-147.png	
0	1	2	2	0	1	b04-154.png	
1	1	2	2	0	1	b04-162.png	
0	1	0	2	2	1	b04-169.png	
1	1	0	1	1	1	b04-175.png	
0	0	2	0	2	1	b04-181.png	
0	1	2	2	0	1	b04-187.png	
2	0	1	2	2	1	b04-195.png	
0	0	1	2	2	1	b04-202.png	
1	1	0	0	0	1	b04-208.png	
2	1	0	0	0	1	b05-017.png	
0	1	0	1	2	1	b05-032.png	
2	1	0	2	2	1	b05-038.png	
0	1	2	1	2	1	b05-042.png	
0	1	0	1	0	1	b05-045.png	
0	1	2	2	0	1	b05-050.png	
2	1	0	0	1	1	b05-055.png	
0	1	0	2	2	1	b05-058.png	
2	1	2	0	0	1	b05-062.png	
2	0	1	2	1	1	b05-067.png	
2	1	0	0	1	1	b05-071.png	
0	0	2	2	2	1	b05-074.png	
0	1	2	1	0	1	b05-079.png	
1	1	0	1	2	1	b05-083.png	
2	1	0	1	2	1	b05-088.png	
0	1	2	1	0	1	b05-098.png	
2	0	2	0	2	1	b06-000.png	
2	1	2	2	0	1	b06-004.png	
2	1	2	1	0	1	b06-008.png	
0	1	2	0	0	1	b06-012.png	
0	1	2	1	1	1	b06-015.png	
1	1	0	1	1	1	b06-019.png	
2	0	2	2	2	1	b06-023.png	
2	1	0	1	2	1	b06-027.png	
1	1	0	2	2	1	b06-032.png	
2	1	2	1	0	0	b06-036.png	
2	0	2	2	2	1	b06-042.png	
2	1	2	1	0	1	b06-045.png	
2	1	2	1	0	1	b06-049.png	
2	0	2	2	2	1	b06-053.png	
0	1	2	1	0	1	b06-056.png	
2	0	2	0	2	1	b06-059.png	
0	0	1	2	2	1	b06-064.png	
0	0	1	2	1	1	b06-068.png	
2	1	0	1	2	1	b06-071.png	
2	1	0	1	0	1	b06-075.png	
2	1	2	1	0	1	b06-079.png	
1	1	0	1	1	1	b06-082.png	
0	0	2	2	2	1	b06-087.png	
2	0	1	2	2	1	b06-090.png	
2	1	0	1	2	1	b06-093.png	
0	0	1	0	2	1	b06-097.png	
1	1	2	2	0	1	b06-100.png	
1	1	0	2	2	1	b06-110.png	
0	1	2	1	1	6	c01-009.png	
1	1	0	1	1	6	c01-014.png	
1	1	0	2	1	1	c01-066.png	
0	1	2	1	1	6	c02-000.png	
2	0	1	0	2	6	c02-003.png	
0	0	1	2	2	1	c02-007.png	
0	0	1	2	0	1	c02-012.png	
0	0	1	1	2	1	c02-017.png	
2	0	1	2	2	1	c02-022.png	
0	0	2	1	1	6	c02-026.png	
0	1	0	1	2	1	c02-030.png	
2	1	2	0	1	1	c02-035.png	
2	1	0	1	1	1	c02-049.png	
2	1	0	1	0	1	c02-056.png	
0	0	2	2	1	6	c02-059.png	
0	0	2	2	0	6	c02-078.png	
2	1	2	1	1	6	c02-082.png	
2	0	1	0	2	1	c02-089.png	
2	1	0	2	2	1	c03-000a.png	
0	1	0	2	1	6	c03-000b.png	
0	0	2	2	1	1	c03-000c.png	
2	1	0	2	1	1	c03-000d.png	
2	1	0	1	2	1	c03-000e.png	
2	0	2	1	2	1	c03-000f.png	
2	0	2	1	1	1	c03-003a.png	
2	1	0	2	2	6	c03-003b.png	
1	1	2	2	1	6	c03-003c.png	
2	0	1	2	2	6	c03-003d.png	
2	1	0	1	2	1	c03-003e.png	
2	0	1	1	2	1	c03-003f.png	
0	1	0	2	0	6	c03-007.png	
0	0	2	2	2	1	c03-007a.png	
0	0	2	2	2	1	c03-007b.png	
1	0	1	0	2	1	c03-007c.png	
0	0	2	2	1	6	c03-007d.png	
2	0	2	1	1	1	c03-007e.png	
2	0	1	2	2	6	c03-007f.png	
0	0	2	1	2	1	c03-016a.png	
1	1	2	1	1	1	c03-016b.png	
0	1	2	1	1	1	c03-016c.png	
0	0	1	1	1	1	c03-016d.png	
2	1	0	1	2	1	c03-016e.png	
2	0	2	1	1	1	c03-021a.png	
2	1	0	1	1	6	c03-021b.png	
1	0	1	2	1	1	c03-021c.png	
1	1	2	2	1	6	c03-021d.png	
0	1	0	1	2	1	c03-021e.png	
0	0	2	1	2	1	c03-021f.png	
0	0	2	2	2	1	c03-081a.png	
2	1	0	1	2	1	c03-081b.png	
0	0	2	2	2	1	c03-081c.png	
2	1	0	1	1	1	c03-081d.png	
0	0	2	1	2	1	c03-081e.png	
2	0	2	1	1	1	c03-081f.png	
0	1	2	2	1	1	c03-084a.png	
1	1	0	2	2	6	c03-084b.png	
1	1	0	2	2	1	c03-084c.png	
2	1	0	2	2	6	c03-084d.png	
2	1	0	1	2	1	c03-084e.png	
2	0	2	1	2	1	c03-084f.png	
1	1	2	2	1	1	c03-087a.png	
1	1	0	2	1	1	c03-087b.png	
1	1	0	2	2	1	c03-087c.png	
1	1	0	1	1	6	c03-087d.png	
1	1	0	1	2	1	c03-087e.png	
2	0	2	1	2	1	c03-087f.png	
2	1	2	1	1	1	c03-094a.png	
0	1	0	1	1	1	c03-094b.png	
0	1	2	1	1	1	c03-094c.png	
1	1	0	1	2	6	c03-094d.png	
1	1	0	1	2	1	c03-094e.png	
0	1	2	1	1	6	c03-094f.png	
0	1	2	2	1	1	c03-096a.png	
2	1	0	2	2	1	c03-096b.png	
2	1	2	2	1	1	c03-096c.png	
2	1	2	2	1	1	c03-096d.png	
2	0	1	1	2	1	c03-096e.png	
2	1	2	1	0	1	c03-096f.png	
0	0	1	0	2	6	c04-000.png	
2	0	1	0	2	6	c04-004.png	
0	0	1	2	2	6	c04-008.png	
0	0	1	0	2	6	c04-013.png	
2	0	1	2	2	6	c04-017.png	
2	0	2	0	2	6	c04-023.png	
2	0	1	2	2	6	c04-028.png	
2	1	2	1	1	1	c04-035.png	
1	0	2	2	2	6	c04-039.png	
0	1	0	1	1	6	c04-044.png	
2	0	2	2	1	6	c04-050.png	
0	1	2	2	1	6	c04-056.png	
2	0	1	0	2	6	c04-061.png	
1	0	1	0	2	6	c04-066.png	
2	0	1	2	2	6	c04-075.png	
2	1	2	2	1	6	c04-080.png	
2	0	1	0	2	6	c04-089.png	
0	0	2	0	2	6	c04-098.png	
1	1	2	2	1	6	c04-105.png	
0	0	1	0	2	6	c04-110.png	
0	0	1	0	2	6	c04-116.png	
0	0	2	2	2	6	c04-122.png	
0	1	2	2	1	6	c04-128.png	
2	0	1	0	2	6	c04-134.png	
2	0	1	2	2	6	c04-139.png	
0	1	0	2	2	6	c04-144.png	
1	1	0	2	1	6	c04-150.png	
1	0	2	2	2	6	c04-156.png	
0	1	0	1	2	6	c04-160.png	
2	0	2	2	2	6	c04-165.png	
0	0	1	0	2	6	c04-170.png	
1	1	0	2	2	1	c06-000.png	
2	1	0	1	2	6	c06-005.png	
2	1	0	2	2	6	c06-011.png	
2	1	0	1	2	6	c06-014.png	
1	1	0	2	1	6	c06-020.png	
2	0	1	0	2	6	c06-027.png	
2	0	1	0	2	6	c06-031.png	
2	1	2	0	1	6	c06-039.png	
0	1	0	2	1	6	c06-043.png	
2	1	0	1	2	1	c06-047.png	
2	1	2	2	1	6	c06-052.png	
2	0	2	0	2	6	c06-058.png	
0	1	2	1	1	6	c06-076.png	
0	1	0	1	1	6	c06-080.png	
0	1	0	1	2	1	c06-083.png	
1	1	0	2	0	1	c06-087.png	
1	1	0	2	2	6	c06-091.png	
2	0	1	0	2	6	c06-095.png	
0	0	2	0	2	6	c06-100.png	
2	1	0	1	2	6	c06-103.png	
2	1	2	1	1	6	c06-106.png	
1	1	2	2	1	1	c06-111.png	
0	1	2	2	1	1	c06-116.png	
2	0	1	2	2	6	c06-128.png	
0	1	0	1	1	1	c06-138.png	
1	0	2	0	2	6	d01-016.png	
0	1	2	0	1	6	d01-019.png	
0	0	2	2	1	6	d01-024.png	
2	1	0	2	0	6	d01-049.png	
1	1	0	2	2	6	d01-052.png	
1	0	1	2	1	1	d01-056.png	
0	1	2	1	1	1	d01-060.png	
1	0	2	2	1	6	d01-080.png	
1	0	1	2	2	1	d01-085.png	
1	0	2	0	2	1	d01-098.png	
2	0	2	0	2	1	d01-104.png	
0	1	0	2	1	1	d01-118.png	
1	1	2	2	1	1	d01-123.png	
1	0	1	0	2	1	d03-112.png	
2	0	1	1	2	1	d03-117.png	
0	0	1	0	2	6	d04-005.png	
1	0	1	0	2	6	d04-008.png	
2	0	2	2	2	6	d04-012.png	
2	0	1	0	0	6	d04-016.png	
1	0	1	0	2	6	d04-021.png	
1	0	1	0	2	6	d04-028.png	
2	0	2	1	2	6	d04-032.png	
1	1	2	2	0	6	d04-037.png	
0	0	1	0	0	6	d04-047.png	
0	0	2	0	2	1	d04-050.png	
2	0	2	2	2	6	d04-053.png	
2	0	1	0	2	6	d04-058.png	
1	0	1	0	0	6	d04-062.png	
2	1	2	1	1	6	d04-066.png	
0	0	1	0	2	6	d04-071.png	
1	1	2	1	1	6	d04-075.png	
1	1	2	2	1	6	d04-081.png	
1	0	2	0	2	6	d04-086.png	
0	0	1	0	2	6	d04-089.png	
2	0	1	0	2	6	d04-096.png	
2	0	2	0	2	6	d04-101.png	
1	1	2	1	1	6	d04-111.png	
0	0	1	0	2	6	d04-117.png	
1	0	1	0	2	6	d04-121.png	
0	0	1	0	2	6	d04-125.png	
2	1	2	2	1	6	d04-131.png	
0	0	2	2	2	6	d05-008.png	
0	1	2	2	1	6	d05-013.png	
0	1	2	2	1	6	d05-021.png	
0	0	2	2	2	6	d05-025.png	
0	0	2	2	2	6	d05-030.png	
0	1	0	2	2	6	d05-040.png	
1	1	2	2	1	1	d06-000.png	
0	0	2	2	1	6	d06-003.png	
1	1	0	2	2	6	d06-008.png	
2	1	0	1	2	6	d06-011.png	
0	1	2	0	1	6	d06-015.png	
2	1	0	2	0	6	d06-020.png	
0	0	1	2	1	6	d06-025.png	
0	0	2	2	1	6	d06-027.png	
2	1	2	2	1	1	d06-030.png	
1	1	2	2	1	6	d06-037.png	
1	1	0	2	2	6	d06-041.png	
2	1	0	1	2	1	d06-046.png	
1	1	0	2	2	1	d06-050.png	
1	0	2	2	2	6	d06-056.png	
2	1	0	1	1	1	d06-060.png	
2	1	0	1	1	1	d06-063.png	
0	0	1	1	2	6	d06-067.png	
2	1	2	1	0	6	d06-072.png	
0	0	1	0	2	6	d06-076.png	
0	1	2	0	1	1	d06-082.png	
2	1	0	1	1	1	d06-086.png	
2	0	2	2	2	1	d06-091.png	
1	1	2	2	1	6	d06-096.png	
1	1	0	2	0	1	d06-100.png	
0	1	0	1	0	6	d06-104.png	
0	0	2	1	2	1	d06-107.png	
0	1	0	2	0	6	d06-111.png	
2	1	0	2	2	1	d06-113.png	
0	1	0	2	2	1	d07-082.png	
1	1	0	2	0	1	d07-085.png	
1	1	0	1	2	1	d07-089.png	
0	1	0	1	2	1	d07-093.png	
2	0	1	1	2	1	d07-096.png	
1	1	0	2	2	1	d07-100.png	
2	1	2	2	0	1	d07-102.png	
0	1	2	0	1	1	e01-014.png	
1	1	2	2	0	1	e01-018.png	
2	1	0	2	0	1	e01-022.png	
0	1	0	1	2	1	e01-025.png	
2	0	1	2	2	1	e01-029.png	
2	0	1	2	1	1	e01-032.png	
1	0	2	2	2	1	e01-035.png	
1	1	2	2	1	1	e01-050.png	
1	1	0	1	1	1	e01-055.png	
1	0	2	2	1	1	e01-059.png	
0	1	2	0	0	1	e01-062.png	
2	0	1	0	2	1	e01-081.png	
2	1	2	2	0	1	e01-086.png	
0	1	0	2	0	1	e01-092.png	
2	1	0	2	2	1	e01-102.png	
1	1	2	2	0	0	e01-107.png	
2	0	2	2	1	1	e01-113.png	
2	0	1	2	2	1	e01-119.png	
0	1	0	2	0	1	e02-000.png	
0	0	1	0	0	1	e02-014.png	
2	1	2	2	0	1	e02-018.png	
0	0	2	1	2	1	e02-021.png	
1	0	2	2	2	1	e02-025.png	
2	0	2	2	2	1	e02-074.png	
1	1	2	1	1	1	e02-082.png	
2	0	2	0	1	1	e02-086.png	
0	1	2	0	1	0	e02-091.png	
2	0	2	0	2	1	e02-094.png	
0	1	2	0	0	1	e02-100.png	
0	0	1	2	2	1	e02-117.png	
2	0	1	0	2	1	e04-000.png	
2	0	1	2	2	1	e04-004.png	
1	0	1	0	2	1	e04-008.png	
2	1	0	2	0	1	e04-011.png	
0	1	2	2	0	1	e04-015.png	
2	0	1	0	0	1	e04-019.png	
2	0	1	0	2	1	e04-022.png	
1	0	1	0	2	1	e04-026.png	
1	0	2	0	2	1	e04-030.png	
1	1	2	2	0	1	e04-034.png	
2	0	2	2	1	1	e04-038.png	
2	0	2	2	1	1	e04-043.png	
2	1	2	2	0	1	e04-052.png	
1	1	2	0	0	1	e04-058.png	
2	1	2	2	0	1	e04-062.png	
2	0	1	0	2	1	e04-068.png	
2	0	1	0	0	1	e04-079.png	
1	0	1	0	2	1	e04-083.png	
2	1	2	0	0	1	e04-086.png	
2	0	1	0	2	1	e04-091.png	
0	0	2	2	2	1	e04-095.png	
2	1	2	2	1	1	e04-099.png	
2	1	0	2	0	1	e04-103.png	
0	0	1	2	2	1	e04-109.png	
0	0	2	2	2	1	e04-114.png	
1	0	2	2	2	1	e04-119.png	
1	1	2	2	0	1	e04-124.png	
1	0	2	2	2	1	e04-127.png	
1	1	0	0	2	1	e04-132.png	
1	0	1	2	2	1	e06-000.png	
0	1	0	1	2	1	e06-003.png	
0	0	1	2	2	1	e06-006.png	
2	1	0	2	0	1	e06-010.png	
1	1	0	1	2	1	e06-015.png	
1	1	2	1	0	1	e06-021.png	
1	1	0	1	2	1	e06-026.png	
0	1	0	1	2	1	e06-030.png	
2	1	0	1	2	1	e06-033.png	
0	0	1	2	2	1	e06-037.png	
2	0	1	2	2	1	e06-041.png	
0	0	2	2	1	1	e06-046.png	
2	0	2	2	1	1	e06-049.png	
1	1	0	1	2	1	e06-053.png	
0	1	0	1	2	1	e06-070.png	
2	0	2	0	2	1	e07-000.png	
2	1	2	2	1	1	e07-003.png	
1	1	2	2	0	1	e07-007.png	
1	1	2	1	0	1	e07-012.png	
1	1	2	1	0	1	e07-061.png	
2	1	2	2	0	1	e07-066.png	
1	1	2	1	0	1	e07-072.png	
0	1	0	1	0	1	e07-076.png	
0	0	2	1	2	1	e07-079.png	
0	0	2	1	1	1	e07-083.png	
1	1	0	1	2	1	e07-086.png	
2	1	0	1	0	1	e07-090.png	
0	1	2	2	0	1	e07-094.png	
2	0	1	2	2	1	e07-098.png	
2	1	0	2	0	1	e07-101.png	
2	1	2	0	0	1	e07-105.png	
2	1	2	2	0	1	e07-108.png	
2	1	0	2	0	1	e07-112.png	
2	0	2	0	1	1	f01-053.png	
2	0	1	2	2	1	f01-058.png	
2	1	0	1	2	1	f01-066.png	
0	1	2	2	1	1	f01-070.png	
0	1	2	2	0	1	f01-075.png	
1	1	0	1	2	1	f01-081.png	
2	0	2	2	2	1	f01-085.png	
1	1	0	1	2	1	f01-135.png	
0	0	2	2	2	1	f01-139.png	
1	0	1	2	2	1	f01-143.png	
2	1	2	2	1	1	f01-147.png	
2	1	2	2	0	1	f02-000.png	
0	0	1	0	2	1	f02-003.png	
2	1	0	2	2	1	f02-017.png	
0	0	2	2	2	1	f02-020.png	
2	0	2	2	2	1	f02-030.png	
2	0	2	1	2	1	f02-033.png	
1	1	2	1	0	1	f02-036.png	
0	0	1	2	2	1	f02-038.png	
2	0	1	1	2	1	f02-040.png	
1	1	2	1	0	1	f02-044.png	
2	0	1	0	2	1	f02-076.png	
1	1	2	2	0	1	f03-169.png	
0	1	2	2	0	1	f03-174.png	
1	0	1	2	2	1	f03-182.png	
1	1	2	2	1	1	f03-191.png	
2	1	0	1	2	1	f04-004.png	
1	0	2	0	1	1	f04-007.png	
0	1	0	1	2	1	f04-011.png	
0	1	0	1	0	1	f04-016.png	
0	1	2	2	0	1	f04-020.png	
0	0	2	2	2	1	f04-024.png	
0	1	0	1	2	1	f04-028.png	
2	0	2	2	2	1	f04-032.png	
1	0	1	0	2	1	f04-035.png	
2	0	1	0	1	1	f04-039.png	
0	0	1	0	2	1	f04-043.png	
0	0	1	0	2	1	f04-046.png	
0	0	1	0	2	1	f04-049.png	
2	0	2	0	2	1	f04-053.png	
1	0	2	2	2	1	f04-057.png	
1	0	1	0	2	1	f04-061.png	
1	0	2	2	2	1	f04-064.png	
1	0	1	0	2	1	f04-068.png	
0	0	1	2	2	1	f04-071.png	
1	1	0	1	2	1	f04-074.png	
0	1	0	1	2	1	f04-079.png	
2	0	2	2	2	1	f04-083.png	
2	0	2	0	1	1	f04-087.png	
1	1	0	2	1	1	f04-093.png	
0	1	2	1	0	1	f04-096.png	
0	1	0	1	2	1	f04-100.png	
0	0	2	0	2	1	f07-000.png	
1	1	2	1	0	1	f07-000b.png	
2	1	0	1	2	1	f07-002.png	
1	1	0	1	2	1	f07-006.png	
0	1	0	1	2	1	f07-009.png	
1	1	0	1	0	1	f07-013.png	
1	1	0	1	2	1	f07-016.png	
2	1	2	2	1	1	f07-019a.png	
2	1	0	1	0	1	f07-019b.png	
2	0	2	2	0	1	f07-021a.png	
1	1	0	1	2	1	f07-021b.png	
2	0	2	2	0	1	f07-024a.png	
0	0	2	1	0	1	f07-024b.png	
2	0	2	2	2	1	f07-028a.png	
1	1	0	1	2	1	f07-028b.png	
2	1	2	2	0	1	f07-032a.png	
2	1	0	1	2	1	f07-032b.png	
0	1	0	2	0	1	f07-036.png	
0	1	2	0	1	1	f07-039a.png	
0	1	0	2	2	1	f07-039b.png	
1	0	2	2	0	1	f07-042a.png	
1	0	2	2	0	1	f07-042b.png	
1	1	0	1	2	1	f07-046a.png	
0	1	0	2	2	1	f07-046b.png	
2	1	2	2	0	1	f07-069.png	
2	1	2	2	0	1	f07-073.png	
0	0	2	2	0	1	f07-076a.png	
1	1	2	2	0	1	f07-081a.png	
2	1	2	0	0	1	f07-081b.png	
2	0	1	2	2	1	f07-084a.png	
2	1	2	2	0	1	f07-084b.png	
2	1	2	2	1	1	f07-088a.png	
0	1	0	2	2	1	f07-088b.png	
2	0	2	2	2	1	f07-092a.png	
0	1	2	0	0	1	f07-092b.png	
2	1	0	2	0	1	f07-096.png	
2	1	2	0	0	1	f07-101a.png	
0	1	2	2	0	1	f07-101b.png	
2	1	2	2	1	6	g01-000.png	
1	1	2	0	0	6	g01-004.png	
0	0	2	2	2	6	g01-008.png	
1	1	2	2	1	6	g01-012.png	
2	1	2	2	1	6	g01-016.png	
0	1	0	1	2	6	g01-019.png	
1	0	1	0	2	6	g01-022.png	
0	0	1	0	1	6	g01-025.png	
2	0	1	0	2	6	g01-027.png	
2	0	2	2	2	6	g01-031.png	
0	0	1	0	2	6	g01-034.png	
0	0	1	0	2	6	g01-037.png	
0	1	2	1	1	6	g01-039.png	
2	1	0	1	0	6	g01-043.png	
2	1	2	1	1	6	g01-045.png	
0	1	0	2	2	6	g01-067.png	
0	1	2	2	1	6	g01-070.png	
1	1	2	2	1	6	g01-074.png	
0	1	0	1	2	6	g01-083.png	
1	1	0	1	2	6	g01-088.png	
2	0	2	2	2	1	g02-059.png	
2	1	2	2	1	1	g02-062.png	
2	0	2	1	2	1	g02-065.png	
2	0	2	0	1	6	g02-073.png	
0	1	0	2	2	6	g03-000.png	
0	1	0	0	2	1	g03-004.png	
1	1	0	1	2	6	g03-016.png	
0	0	2	2	2	1	g03-032.png	
1	1	0	1	2	6	g03-040.png	
1	1	0	1	1	6	g03-043.png	
0	1	0	1	1	6	g03-049.png	
1	1	0	1	2	6	g03-052.png	
2	0	1	0	0	6	g03-058.png	
2	0	1	0	0	6	g03-064.png	
0	1	2	2	1	6	g04-003.png	
2	1	2	0	1	6	g04-007.png	
2	0	1	2	2	6	g04-011.png	
2	0	1	0	1	6	g04-014.png	
2	1	2	2	1	6	g04-017.png	
0	1	2	2	1	6	g04-022.png	
1	1	0	2	2	6	g04-026.png	
2	0	1	0	2	6	g04-032.png	
2	0	2	2	1	6	g04-036.png	
2	0	1	2	0	6	g04-039.png	
2	0	1	0	0	6	g04-043.png	
2	0	1	0	2	1	g04-048.png	
0	0	2	2	1	6	g04-052.png	
2	1	2	2	1	6	g04-055.png	
2	0	1	0	2	6	g04-060.png	
2	0	1	0	2	6	g04-063.png	
0	1	2	1	1	6	g04-068.png	
0	1	2	2	1	6	g04-072.png	
2	0	1	0	2	6	g04-077.png	
2	0	1	0	2	6	g04-081.png	
2	0	1	2	2	6	g04-088.png	
2	0	2	2	1	6	g04-092.png	
2	1	2	2	1	6	g04-095.png	
1	1	0	2	0	6	g04-098.png	
2	0	1	0	2	6	g04-101.png	
0	1	2	2	1	6	g04-104.png	
2	0	1	0	0	6	g04-108.png	
1	1	0	2	2	1	g05-087.png	
2	0	2	2	2	6	g05-094.png	
2	0	2	2	2	1	g05-098.png	
0	1	2	1	1	1	g06-011a.png	
2	1	0	1	2	1	g06-011b.png	
0	0	1	2	2	1	g06-011c.png	
2	1	0	2	1	1	g06-011e.png	
0	0	1	0	2	1	g06-011f.png	
2	1	0	2	2	1	g06-011g.png	
2	1	2	2	0	1	g06-011h.png	
2	0	2	2	2	1	g06-011i.png	
2	1	2	1	1	1	g06-011j.png	
2	1	0	1	2	1	g06-011k.png	
1	1	2	2	0	1	g06-011l.png	
1	1	0	1	2	1	g06-011m.png	
1	1	2	2	0	1	g06-011n.png	
1	1	0	1	2	1	g06-011o.png	
2	1	2	2	0	1	g06-011p.png	
0	1	2	2	0	1	g06-011r.png	
2	0	2	2	2	1	g06-018a.png	
0	1	0	1	2	1	g06-018b.png	
2	0	1	0	2	1	g06-018c.png	
0	0	1	2	2	1	g06-018d.png	
0	1	2	2	1	1	g06-018e.png	
0	0	2	0	1	1	g06-018f.png	
2	1	0	2	0	1	g06-018g.png	
2	0	2	2	2	1	g06-018h.png	
0	0	2	0	2	1	g06-018i.png	
0	1	0	2	0	1	g06-018j.png	
2	1	2	2	1	1	g06-018k.png	
0	0	2	0	2	1	g06-018l.png	
2	1	2	2	0	1	g06-018m.png	
1	1	2	2	0	1	g06-018n.png	
2	1	0	1	2	1	g06-018o.png	
2	0	2	2	2	1	g06-018p.png	
2	0	2	2	2	1	g06-018r.png	
1	1	0	0	0	1	g06-026a.png	
1	1	0	2	2	1	g06-026b.png	
0	0	2	0	2	1	g06-026c.png	
0	1	0	0	2	1	g06-026d.png	
0	1	2	0	0	1	g06-026e.png	
0	0	1	0	2	1	g06-026f.png	
2	1	0	0	0	1	g06-026g.png	
2	1	2	0	0	1	g06-026h.png	
2	0	2	0	2	1	g06-026i.png	
2	1	0	2	0	1	g06-026j.png	
2	1	2	2	1	1	g06-026k.png	
2	0	1	0	2	1	g06-026l.png	
2	1	0	2	0	1	g06-026m.png	
2	1	0	2	2	1	g06-026n.png	
0	1	0	2	2	1	g06-026o.png	
1	1	0	0	0	1	g06-026p.png	
0	1	2	0	0	1	g06-026r.png	
0	1	2	2	0	1	g06-031a.png	
1	1	0	1	0	1	g06-031b.png	
2	0	1	0	2	1	g06-031c.png	
0	1	2	2	0	1	g06-031d.png	
2	1	2	2	0	1	g06-031e.png	
0	0	2	0	2	1	g06-031f.png	
2	1	2	2	0	1	g06-031g.png	
0	0	2	2	2	1	g06-031h.png	
0	0	1	0	2	1	g06-031i.png	
2	1	0	1	2	1	g06-031j.png	
2	1	2	2	1	1	g06-031k.png	
2	0	1	0	2	1	g06-031l.png	
2	0	1	2	2	1	g06-031m.png	
2	1	0	1	2	1	g06-031n.png	
0	1	0	1	2	1	g06-031o.png	
2	1	2	2	0	1	g06-031p.png	
2	0	2	0	1	1	g06-031r.png	
2	1	2	1	0	1	g06-037b.png	
0	0	1	2	2	1	g06-037c.png	
0	1	0	1	0	1	g06-037d.png	
0	1	2	2	0	1	g06-037e.png	
0	0	2	2	1	1	g06-037f.png	
2	0	2	2	1	1	g06-037g.png	
2	0	2	1	2	1	g06-037h.png	
2	0	1	2	2	1	g06-037i.png	
0	1	2	1	1	1	g06-037j.png	
2	1	2	1	1	1	g06-037k.png	
1	0	1	2	2	1	g06-037l.png	
2	1	0	1	0	1	g06-037m.png	
2	1	2	1	0	1	g06-037n.png	
0	1	0	1	2	1	g06-037o.png	
2	0	2	2	2	1	g06-037p.png	
2	0	2	2	2	1	g06-037r.png	
1	1	2	0	0	1	g06-042a.png	
2	1	2	2	0	1	g06-042b.png	
2	0	1	0	2	1	g06-042c.png	
0	0	2	0	1	1	g06-042d.png	
0	0	2	0	2	1	g06-042e.png	
0	0	1	0	2	1	g06-042f.png	
2	1	2	0	0	1	g06-042g.png	
1	0	1	0	2	1	g06-042h.png	
0	0	1	0	2	1	g06-042i.png	
0	1	0	0	0	1	g06-042j.png	
2	1	0	2	2	1	g06-042k.png	
2	0	1	0	2	1	g06-042l.png	
1	0	1	0	2	1	g06-042m.png	
0	1	0	2	0	1	g06-042n.png	
2	1	0	2	2	1	g06-042o.png	
2	0	2	0	2	1	g06-042p.png	
0	0	1	0	2	1	g06-042r.png	
0	1	2	2	0	1	g06-045a.png	
0	1	0	2	0	1	g06-045b.png	
0	0	1	0	2	1	g06-045c.png	
0	0	2	2	2	1	g06-045d.png	
2	0	2	2	2	1	g06-045e.png	
0	0	2	0	2	1	g06-045f.png	
2	0	1	0	2	1	g06-045g.png	
2	0	2	0	2	1	g06-045h.png	
0	0	1	0	2	1	g06-045i.png	
2	0	2	2	1	1	g06-045j.png	
2	1	2	2	0	1	g06-045k.png	
0	0	1	0	2	1	g06-045l.png	
2	0	2	2	1	1	g06-045m.png	
0	1	0	2	0	1	g06-045n.png	
2	1	2	2	0	1	g06-045o.png	
0	0	1	2	2	1	g06-045p.png	
0	0	1	0	2	1	g06-045r.png	
2	0	2	2	2	1	g06-047a.png	
2	1	2	2	1	1	g06-047b.png	
2	0	2	0	2	1	g06-047c.png	
0	0	2	0	2	1	g06-047d.png	
0	1	2	2	0	1	g06-047e.png	
2	0	2	0	2	1	g06-047f.png	
0	1	2	0	0	1	g06-047g.png	
2	0	2	0	2	1	g06-047h.png	
2	0	1	0	2	1	g06-047i.png	
0	0	2	2	2	1	g06-047j.png	
2	1	2	2	1	1	g06-047k.png	
2	0	2	0	2	1	g06-047l.png	
2	1	0	2	0	1	g06-047m.png	
2	0	2	2	2	1	g06-047n.png	
1	1	0	1	2	1	g06-047o.png	
2	1	2	2	0	1	g06-047p.png	
2	1	2	0	0	1	g06-047r.png	
1	1	0	2	2	1	g06-050a.png	
2	1	0	2	2	1	g06-050b.png	
1	1	2	0	0	1	g06-050c.png	
2	1	0	2	2	1	g06-050d.png	
0	1	0	2	2	1	g06-050e.png	
0	1	0	0	2	1	g06-050f.png	
2	1	0	2	0	1	g06-050g.png	
1	0	2	2	2	1	g06-050h.png	
2	0	2	0	2	1	g06-050i.png	
1	1	2	2	1	1	g06-050j.png	
2	1	0	1	0	1	g06-050k.png	
0	0	1	2	2	1	g06-050l.png	
2	1	0	1	2	1	g06-050m.png	
2	1	0	1	2	1	g06-050n.png	
0	1	0	1	2	1	g06-050o.png	
2	1	2	2	1	1	g06-050p.png	
0	1	2	0	0	1	g06-050r.png	
0	0	1	0	2	1	g06-089.png	
2	0	1	0	2	1	g06-093.png	
2	0	1	0	2	1	g06-096.png	
2	0	1	0	2	1	g06-101.png	
2	0	2	0	2	1	g06-105.png	
2	0	1	0	2	1	g06-109.png	
2	0	1	0	2	1	g06-115.png	
2	1	2	2	0	1	g07-000a.png	
1	1	0	1	2	1	g07-000b.png	
2	0	2	2	2	1	g07-003a.png	
0	0	1	2	0	1	g07-003b.png	
2	1	2	2	0	1	g07-007a.png	
2	1	2	0	0	1	g07-007b.png	
1	1	2	2	0	1	g07-010b.png	
2	0	2	2	0	1	g07-014.png	
2	1	2	0	0	1	g07-014b.png	
1	1	2	1	0	1	g07-018a.png	
0	1	0	2	0	1	g07-022a.png	
0	1	0	2	2	1	g07-022b.png	
0	1	0	2	2	1	g07-026a.png	
2	1	0	1	2	1	g07-026b.png	
0	0	2	2	0	1	g07-028a.png	
2	1	2	2	1	1	g07-028b.png	
2	1	2	2	0	1	g07-030.png	
0	1	0	2	2	1	g07-034.png	
1	1	2	1	0	1	g07-038.png	
1	1	2	2	0	1	g07-042.png	
2	1	2	1	0	1	g07-044.png	
2	1	2	1	0	1	g07-047.png	
1	1	0	2	0	1	g07-050.png	
0	0	1	0	0	1	g07-065.png	
2	0	1	0	2	1	g07-069a.png	
1	1	2	1	1	1	g07-071a.png	
2	1	2	1	0	1	g07-074a.png	
1	1	0	2	1	1	g07-077a.png	
0	1	0	1	2	1	g07-079a.png	
0	0	1	0	2	1	g07-084.png	
2	1	0	1	2	6	h01-000.png	
1	1	2	0	1	6	h01-004.png	
0	1	0	1	2	6	h01-007.png	
1	0	2	2	1	6	h01-010.png	
2	0	2	2	2	6	h01-014.png	
0	1	2	2	1	6	h01-018.png	
2	1	0	2	2	1	h01-024.png	
2	1	0	1	2	6	h01-027.png	
0	1	0	1	0	1	h01-030.png	
2	0	2	2	1	6	h02-004.png	
2	0	1	2	0	6	h02-008.png	
0	1	2	2	1	6	h02-012.png	
2	1	2	2	1	6	h02-017.png	
1	0	1	1	1	1	h02-019.png	
0	0	2	2	2	1	h02-022.png	
1	0	1	0	2	6	h02-024.png	
1	0	2	2	2	6	h02-028.png	
2	0	2	2	2	1	h02-035.png	
1	1	2	1	1	1	h02-037.png	
1	1	0	1	2	6	h02-040.png	
1	1	2	2	1	6	h02-043.png	
2	0	2	0	2	6	h02-049.png	
2	0	1	2	2	6	h04-000.png	
1	0	1	2	2	6	h04-007.png	
2	0	1	2	2	6	h04-021.png	
0	1	2	2	1	6	h04-025.png	
2	1	2	1	1	1	h04-028.png	
1	0	2	2	1	6	h04-035.png	
1	0	2	0	1	6	h04-049.png	
2	0	1	2	2	6	h04-052.png	
2	0	1	2	2	6	h04-055.png	
2	0	2	2	2	6	h04-057.png	
2	0	1	2	2	6	h04-061.png	
1	0	2	0	2	6	h04-071.png	
0	1	0	2	0	6	h04-074.png	
0	0	1	0	0	6	h04-078.png	
1	0	1	2	2	6	h04-082.png	
2	1	2	2	1	6	h05-012.png	
2	0	1	0	2	1	h06-000.png	
2	0	1	0	2	1	h06-003.png	
1	1	2	2	0	1	h06-079.png	
0	1	2	1	0	1	h06-082.png	
0	1	2	1	0	1	h06-085.png	
0	1	2	1	0	1	h06-089.png	
0	0	2	1	1	1	h06-092.png	
0	1	2	2	0	1	h06-096.png	
0	0	1	0	0	1	h07-000.png	
1	0	1	2	0	1	h07-003.png	
1	0	2	2	0	1	h07-007.png	
2	0	2	0	0	1	h07-011.png	
1	1	0	1	2	1	h07-013.png	
2	1	0	1	0	1	h07-017.png	
1	1	0	1	2	1	h07-020.png	
2	1	0	1	2	1	h07-023.png	
2	1	2	1	0	1	h07-025.png	
1	1	0	1	2	1	h07-025a.png	
0	0	2	2	0	1	h07-028.png	
1	1	0	2	1	1	h07-028a.png	
2	1	2	2	0	1	h07-030.png	
2	1	2	1	1	1	h07-030a.png	
2	1	0	2	0	1	h07-033.png	
2	1	0	1	0	1	h07-033a.png	
0	1	2	2	0	1	h07-037.png	
1	1	0	2	2	1	h07-037a.png	
1	0	2	2	0	0	h07-040.png	
1	1	0	1	0	1	h07-040b.png	
2	0	2	2	0	0	h07-044a.png	
2	1	0	2	1	1	h07-051b.png	
1	1	0	1	2	1	h07-054a.png	
1	1	0	2	0	1	h07-057a.png	
2	1	2	2	0	1	h07-060a.png	
2	1	0	1	2	1	h07-060b.png	
0	1	0	1	2	1	h07-063a.png	
2	1	0	1	2	1	h07-063b.png	
2	1	0	2	0	1	h07-066a.png	
1	1	0	1	2	1	h07-066b.png	
1	1	2	0	0	1	h07-069.png	
2	1	0	2	2	1	h07-069a.png	
1	1	0	2	0	1	h07-071.png	
1	1	0	1	2	1	h07-071a.png	
1	1	2	2	0	1	h07-075.png	
1	1	0	1	2	1	h07-075a.png	
2	1	2	2	0	0	h07-078.png	
1	1	0	1	2	1	h07-078a.png	
1	1	0	1	0	1	h07-080.png	
1	1	0	1	2	1	h07-080a.png	
1	1	0	1	2	1	h07-084.png	
2	1	2	0	0	1	h07-087.png	
1	0	2	2	0	1	j01-042.png	
2	0	1	2	2	1	j01-045.png	
0	0	1	0	0	1	j01-049.png	
0	0	1	0	2	1	j01-059.png	
2	0	2	2	1	1	j01-063.png	
0	1	2	1	1	1	j01-066.png	
2	0	1	0	1	1	j01-070.png	
1	1	2	1	1	1	j04-008.png	
0	0	1	0	0	1	j04-012.png	
0	1	2	2	1	1	j04-015.png	
0	0	2	2	2	1	j04-019.png	
2	0	2	2	1	1	j04-024.png	
0	0	1	2	2	1	j04-035.png	
2	0	1	2	2	1	j04-039.png	
2	0	1	2	2	1	j04-046.png	
1	0	1	0	2	1	j04-053.png	
0	0	1	0	2	1	j04-061.png	
1	0	1	0	2	1	j04-065.png	
2	1	2	1	0	1	j04-070.png	
2	0	2	2	2	1	j04-076.png	
2	0	1	0	2	1	j04-080.png	
0	0	1	0	0	1	j04-094.png	
0	0	2	2	1	1	j04-098.png	
0	0	1	0	2	1	j04-103.png	
0	0	1	2	2	1	j04-111.png	
0	0	1	0	2	1	j04-115.png	
2	1	2	1	1	1	j06-000.png	
0	0	2	2	2	1	j06-005.png	
0	1	2	1	1	1	j06-008.png	
2	1	0	1	1	1	j06-014.png	
0	1	2	1	1	1	j06-018.png	
0	0	2	1	2	1	j06-022.png	
0	0	2	1	2	1	j06-026.png	
1	0	1	2	1	1	j06-030.png	
0	0	2	1	2	1	j06-034.png	
1	1	2	1	1	1	j06-051.png	
1	1	2	2	1	1	j06-056.png	
0	1	2	2	0	1	j07-000.png	
1	1	0	1	2	1	j07-005.png	
1	1	2	0	0	1	j07-009.png	
1	1	2	2	0	1	j07-012.png	
1	1	2	2	0	1	j07-015.png	
2	0	1	0	2	6	k01-051.png	
0	1	2	0	1	6	k02-018.png	
2	1	0	2	2	6	k02-023.png	
2	0	1	0	2	6	k02-029.png	
0	0	2	0	1	6	k02-036.png	
2	1	2	0	1	6	k02-053.png	
1	1	0	2	2	6	k02-062.png	
2	0	1	2	1	6	k02-067.png	
0	1	2	0	1	6	k02-076.png	
2	1	2	0	1	6	k02-093.png	
2	1	2	2	1	6	k02-097.png	
0	0	1	0	2	6	k02-102.png	
0	0	1	0	2	6	k02-112.png	
2	0	2	2	2	6	k02-117.png	
0	0	2	2	2	1	k03-117.png	
2	0	1	0	2	1	k03-138.png	
2	0	1	2	2	1	k03-144.png	
2	1	2	2	1	6	k03-152.png	
0	0	2	0	1	6	k03-157.png	
2	0	1	0	2	6	k03-164.png	
2	0	2	0	1	1	k03-180.png	
2	0	2	0	2	6	k04-000.png	
1	1	2	2	1	6	k04-005.png	
2	1	2	1	1	6	k04-010.png	
1	1	2	2	0	6	k04-014.png	
1	0	1	2	2	6	k04-017.png	
0	0	2	2	2	6	k04-022.png	
0	0	1	0	2	6	k04-028.png	
0	0	2	2	2	6	k04-033.png	
1	1	0	2	0	1	k04-039.png	
1	1	2	0	1	6	k04-050.png	
0	0	2	2	1	6	k04-054.png	
0	1	2	2	1	6	k04-057.png	
0	0	1	2	2	1	k04-061.png	
2	0	1	0	2	6	k04-064.png	
1	0	2	2	2	1	k04-068.png	
0	0	2	0	1	6	k04-075.png	
1	1	0	1	2	6	k04-079.png	
0	0	1	0	2	6	k04-085.png	
1	0	1	2	2	1	k04-093.png	
2	0	1	0	2	6	k04-099.png	
2	0	2	2	2	1	k04-103.png	
0	0	1	2	2	6	k04-106.png	
2	1	2	1	0	1	k04-110.png	
2	1	2	2	1	1	k04-115.png	
1	1	2	2	1	1	k04-119.png	
2	0	2	2	1	6	k04-126.png	
0	0	1	1	1	1	k04-136.png	
2	1	0	2	2	1	k04-142.png	
2	1	2	0	1	6	k04-149.png	
0	1	2	2	1	6	k04-156.png	
2	0	2	2	2	6	k04-163.png	
0	0	2	2	0	0	k07-059a.png	
0	0	1	0	0	0	k07-063a.png	
2	0	2	0	0	0	k07-067a.png	
0	0	2	0	0	0	k07-077.png	
0	0	2	0	0	0	k07-085.png	
0	1	2	2	0	0	k07-122.png	
0	1	2	0	0	0	k07-125.png	
1	1	0	2	2	0	k07-134.png	
1	1	0	2	0	0	k07-141.png	
0	1	0	2	2	0	k07-146.png	
1	0	1	0	0	0	k07-152.png	
2	0	1	0	0	0	k07-158.png	
2	0	1	0	0	0	k07-166.png	
2	0	1	0	0	0	k07-176.png	
2	1	2	1	2	0	k07-185.png	
1	1	0	1	2	1	l01-000.png	
2	0	1	0	2	1	l01-007.png	
2	0	1	0	2	0	l01-016.png	
2	0	2	0	1	1	l01-023.png	
2	1	2	1	1	1	l01-030.png	
2	0	2	2	2	1	l01-050.png	
2	1	0	1	2	1	l01-065.png	
0	0	2	0	2	1	l01-082.png	
2	0	1	0	2	1	l01-095.png	
0	0	1	1	2	1	l01-105.png	
0	0	1	0	1	1	l01-111.png	
0	0	2	0	2	1	l01-119.png	
2	0	1	0	2	1	l01-129.png	
2	0	1	2	2	1	l01-133.png	
2	1	2	2	1	1	l01-143.png	
0	0	1	0	0	1	l01-157.png	
2	0	2	2	2	1	l01-173.png	
2	1	0	2	2	1	l01-179.png	
0	1	0	1	0	1	l01-187.png	
2	0	2	0	2	1	l01-195.png	
1	1	2	1	1	1	l01-199.png	
2	0	1	2	1	1	l03-000.png	
2	1	2	1	0	1	l03-004.png	
0	1	2	2	0	1	l03-008.png	
0	0	1	0	2	1	l04-000.png	
0	0	1	2	2	1	l04-005.png	
0	1	2	1	1	1	l04-012.png	
2	0	2	0	2	1	l04-020.png	
0	0	2	2	2	1	l04-026.png	
2	0	1	0	2	1	l04-034.png	
1	0	1	0	0	1	l04-043.png	
2	0	2	2	2	0	l04-052.png	
0	0	1	2	1	0	l04-062.png	
0	1	2	0	0	1	l04-066.png	
0	0	1	2	2	1	l04-071.png	
0	1	0	1	2	1	l04-082.png	
1	0	1	0	2	1	l04-087.png	
1	0	2	2	1	1	l04-093.png	
0	0	1	1	2	0	l04-098.png	
1	0	2	2	2	1	l04-102.png	
2	0	2	2	1	1	l04-106.png	
2	0	1	0	2	1	l04-113.png	
2	1	2	0	0	1	l04-118.png	
2	0	2	2	2	1	l04-124.png	
2	0	1	2	2	1	l04-130.png	
0	0	2	2	1	1	l04-136.png	
2	0	1	2	2	1	l04-141.png	
0	0	1	0	2	1	l04-147.png	
0	1	2	2	1	1	l04-153.png	
1	1	2	2	0	1	l04-159.png	
0	0	1	0	2	1	l04-163.png	
0	0	1	0	2	1	l04-170.png	
2	0	1	0	2	1	l04-174.png	
1	0	1	2	2	1	l04-179.png	
0	0	2	0	0	1	l07-052.png	
0	0	2	0	0	1	l07-065.png	
0	0	2	0	0	1	l07-074.png	
2	0	1	0	2	1	l07-080.png	
2	1	2	0	0	1	l07-085.png	
2	0	1	0	0	1	l07-103.png	
2	0	1	0	0	1	l07-111.png	
2	0	2	2	2	1	l07-118.png	
2	0	2	2	2	1	l07-131.png	
0	1	2	2	0	1	l07-135.png	
2	1	2	2	0	1	l07-138.png	
0	0	2	2	0	1	l07-172.png	
1	0	2	0	0	1	l07-176.png	
1	0	2	2	0	1	l07-181.png	
1	1	2	2	0	1	l07-187.png	
0	0	1	0	2	1	l07-190.png	
0	0	1	0	2	6	m01-000.png	
0	1	0	1	2	6	m01-012.png	
2	1	0	2	2	6	m01-017.png	
0	0	1	0	2	6	m01-022.png	
2	1	2	2	1	6	m01-026.png	
2	0	1	2	2	6	m01-032.png	
2	1	0	1	2	6	m01-038.png	
0	1	2	1	0	6	m01-049.png	
1	1	2	2	0	6	m01-060.png	
0	1	0	2	0	6	m01-079.png	
2	0	1	0	2	6	m01-084.png	
1	0	1	2	1	6	m01-090.png	
0	1	2	2	0	6	m01-095.png	
0	0	2	0	2	6	m01-100.png	
1	1	2	2	0	6	m01-104.png	
1	1	0	1	0	1	m01-110.png	
0	1	0	2	2	6	m01-115.png	
1	0	2	1	2	1	m01-121.png	
0	0	2	1	2	1	m01-125.png	
0	1	0	2	0	1	m01-131.png	
0	1	2	1	0	1	m01-136.png	
0	0	2	2	1	6	m01-149.png	
1	1	2	2	0	1	m01-160.png	
2	1	2	1	0	6	m02-048.png	
0	1	0	2	0	6	m02-052.png	
2	1	2	2	0	6	m02-055.png	
1	1	2	2	0	1	m02-059.png	
1	0	2	2	2	6	m02-066.png	
1	1	0	1	2	6	m02-069.png	
1	1	0	2	2	6	m02-072.png	
0	0	1	0	2	1	m02-075.png	
2	1	2	2	0	1	m02-080.png	
0	0	2	1	1	6	m02-083.png	
2	1	2	0	0	1	m02-087.png	
0	0	1	1	2	6	m02-090.png	
0	1	2	2	0	1	m02-095.png	
1	0	1	0	2	6	m02-102.png	
2	0	2	1	2	6	m02-106.png	
0	1	0	1	2	6	m02-109.png	
2	1	2	0	2	6	m02-112.png	
2	1	2	1	0	1	m03-006.png	
2	1	0	2	0	1	m03-013.png	
1	0	2	0	2	1	m03-020.png	
2	1	2	2	0	1	m03-033.png	
1	1	2	1	0	1	m03-062.png	
0	1	2	2	1	6	m03-095.png	
2	1	0	1	0	6	m03-110.png	
2	1	2	1	0	1	m03-114.png	
2	0	1	0	0	6	m03-118.png	
2	1	2	2	1	6	m04-000.png	
0	1	0	2	2	6	m04-007.png	
1	0	1	0	0	1	m04-012.png	
0	1	2	2	0	6	m04-019.png	
2	0	1	0	2	6	m04-024.png	
0	1	0	2	0	6	m04-030.png	
0	1	0	2	1	6	m04-038.png	
0	1	0	2	2	6	m04-043.png	
2	1	0	2	2	6	m04-061.png	
2	1	2	1	0	6	m04-072.png	
2	1	0	2	2	6	m04-078.png	
1	1	2	1	1	6	m04-081.png	
2	0	2	2	2	6	m04-093.png	
0	0	1	0	2	6	m04-100.png	
2	1	0	1	0	6	m04-107.png	
2	1	0	1	2	6	m04-113.png	
0	1	0	1	0	6	m04-123.png	
0	1	0	2	0	6	m04-131.png	
2	1	0	1	2	6	m04-138.png	
0	0	2	0	2	6	m04-145.png	
0	0	1	0	2	6	m04-152.png	
1	0	1	0	0	1	m04-164.png	
0	0	1	2	2	6	m04-180.png	
2	0	2	2	0	6	m04-190.png	
2	1	2	0	1	6	m04-200.png	
2	0	2	0	2	6	m04-209.png	
2	0	1	0	2	1	m04-216.png	
0	0	2	0	2	1	m04-222.png	
0	0	2	0	0	6	m04-231.png	
2	1	0	0	1	1	m04-238.png	
2	1	2	2	0	6	m04-246.png	
2	0	1	0	0	6	m04-251.png	
0	0	1	0	2	6	m06-019.png	
2	1	2	2	0	6	m06-031.png	
2	0	2	0	2	6	m06-042.png	
0	0	2	2	2	6	m06-048.png	
0	0	2	0	2	6	m06-056.png	
2	0	1	0	2	1	m06-067.png	
0	1	2	0	1	6	m06-076.png	
0	0	2	0	2	6	m06-083.png	
0	0	2	0	1	6	m06-091.png	
2	0	1	0	2	6	m06-098.png	
2	1	2	2	1	6	m06-106.png	
2	0	1	2	2	1	n01-000.png	
2	1	0	2	0	1	n01-004.png	
0	0	1	1	2	1	n01-009.png	
2	1	0	2	2	6	n01-020.png	
0	1	0	2	2	1	n01-031.png	
1	0	2	0	2	1	n01-036.png	
0	1	0	1	2	6	n01-045.png	
1	1	0	1	2	6	n01-052.png	
0	1	2	2	1	1	n01-057.png	
2	0	2	2	2	6	n02-000.png	
0	0	2	2	2	6	n02-004.png	
0	0	1	0	2	6	n02-009.png	
2	1	0	2	0	6	n02-016.png	
2	1	0	1	1	6	n02-028.png	
0	0	1	0	2	6	n02-033.png	
2	0	1	0	2	6	n02-037.png	
2	1	2	2	1	6	n02-040.png	
1	1	0	2	2	6	n02-045.png	
2	1	2	2	1	6	n02-049.png	
1	1	2	1	1	1	n02-054.png	
0	0	2	2	2	1	n02-062.png	
2	1	2	0	1	6	n02-082a.png	
1	0	1	0	1	6	n02-098.png	
0	1	0	2	0	6	n02-104.png	
0	1	0	2	0	6	n02-109.png	
2	1	0	1	2	6	n02-114.png	
1	1	0	2	2	6	n02-120.png	
1	1	0	2	2	6	n02-127.png	
1	0	2	2	2	6	n02-146.png	
2	1	2	1	1	6	n02-151.png	
2	0	1	0	2	6	n02-154.png	
2	1	0	1	2	6	n02-157.png	
2	1	2	0	1	6	n03-038.png	
0	1	0	2	2	6	n03-064.png	
0	0	1	2	2	6	n03-066.png	
2	0	1	0	2	6	n03-079.png	
0	1	0	1	1	6	n03-082.png	
2	0	2	2	2	1	n03-091.png	
1	0	1	2	2	6	n03-097.png	
2	1	0	1	0	6	n03-103.png	
1	1	0	1	2	1	n03-106.png	
1	1	0	2	2	6	n03-113.png	
2	1	2	1	1	1	n03-120.png	
1	1	2	2	1	6	n03-126.png	
0	1	2	0	1	6	n04-000.png	
2	1	2	0	0	6	n04-009.png	
0	1	2	2	0	6	n04-015.png	
2	1	2	2	0	1	n04-022.png	
1	1	2	2	1	6	n04-031.png	
0	1	2	2	1	6	n04-039.png	
0	1	0	1	2	1	n04-044.png	
0	1	0	1	2	6	n04-048.png	
1	1	0	1	2	1	n04-052.png	
2	1	0	2	2	6	n04-060.png	
0	1	0	2	1	6	n04-068.png	
1	1	0	2	2	6	n04-075.png	
0	0	1	2	1	1	n04-084.png	
0	1	2	2	1	6	n04-092.png	
0	0	1	2	2	6	n04-100.png	
0	1	2	2	1	6	n04-107.png	
1	1	0	2	0	6	n04-114.png	
2	1	0	2	1	6	n04-130.png	
1	1	0	1	2	1	n04-139.png	
2	1	0	1	0	6	n04-149.png	
2	1	0	1	0	6	n04-156.png	
0	1	2	1	1	6	n04-163.png	
2	1	2	2	1	1	n04-171.png	
0	1	0	2	1	6	n04-183.png	
0	1	0	2	0	6	n04-190.png	
1	1	2	2	1	6	n04-195.png	
2	1	2	1	1	1	n04-202.png	
2	1	2	2	1	6	n04-209.png	
2	1	2	2	1	6	n04-213.png	
1	0	2	2	1	6	n04-218.png	
0	0	1	0	2	0	n06-074.png	
0	0	2	0	2	0	n06-082.png	
2	0	1	2	2	0	n06-092.png	
2	0	2	2	2	0	n06-100.png	
2	0	1	0	2	0	n06-111.png	
0	0	2	0	2	0	n06-119.png	
2	0	1	2	2	0	n06-123.png	
0	0	1	0	2	0	n06-128.png	
1	0	1	2	2	0	n06-133.png	
2	0	1	0	2	0	n06-140.png	
2	0	1	0	0	0	n06-148.png	
2	0	1	0	0	0	n06-156.png	
0	0	1	0	2	0	n06-163.png	
0	0	1	0	2	0	n06-169.png	
0	0	1	0	2	0	n06-175.png	
0	0	1	0	2	0	n06-182.png	
2	0	1	0	2	0	n06-186.png	
0	0	1	0	2	0	n06-194.png	
2	0	1	0	2	0	n06-201.png	
2	0	2	1	1	1	p01-147.png	
0	0	1	2	2	1	p01-155.png	
0	1	2	0	0	1	p01-168.png	
0	0	2	2	1	1	p01-174.png	
0	1	0	2	2	1	p02-000.png	
2	1	0	1	0	1	p02-008.png	
1	1	2	2	0	1	p02-017.png	
0	1	2	1	1	1	p02-022.png	
0	1	2	0	1	1	p02-027.png	
0	1	2	2	0	1	p02-069.png	
0	1	2	2	0	1	p02-076.png	
0	0	2	2	2	1	p02-081.png	
1	0	2	2	2	1	p02-090.png	
0	1	2	0	1	1	p02-101.png	
2	1	2	2	0	1	p02-105.png	
2	0	1	1	2	1	p02-109.png	
0	0	2	2	2	1	p02-115.png	
2	1	0	2	0	1	p02-121.png	
0	1	0	2	0	1	p02-127.png	
0	0	2	2	2	1	p02-131.png	
0	0	2	0	2	1	p02-135.png	
2	0	1	0	2	1	p02-139.png	
1	1	0	2	0	1	p02-144.png	
2	0	1	2	2	1	p02-150.png	
0	0	1	0	2	1	p02-155.png	
0	0	1	2	2	1	p03-004.png	
2	0	1	0	0	1	p03-009.png	
2	0	2	2	2	1	p03-012.png	
0	0	2	0	1	1	p03-023.png	
0	1	0	2	0	1	p03-027.png	
0	1	2	1	1	1	p03-029.png	
1	0	1	0	2	1	p03-033.png	
0	1	2	1	1	1	p03-040.png	
1	1	0	1	0	1	p03-047.png	
1	1	2	2	0	1	p03-057.png	
0	0	1	0	2	1	p03-069.png	
2	1	2	2	0	1	p03-072.png	
2	0	2	0	2	1	p03-080.png	
2	0	2	1	1	1	p03-087.png	
0	1	0	1	0	1	p03-096.png	
1	1	2	2	0	1	p03-103.png	
1	0	2	1	0	1	p03-112.png	
1	1	0	2	2	1	p03-121.png	
2	1	0	2	0	1	p03-135.png	
0	1	0	2	2	1	p03-142.png	
1	1	2	2	1	1	p03-151.png	
2	0	2	0	2	1	p03-158.png	
0	1	0	2	2	1	p03-163.png	
0	0	1	2	2	1	p03-173.png	
1	1	2	1	0	1	p03-181.png	
2	1	2	2	0	1	p03-185.png	
1	0	1	0	2	1	p03-189.png	
0	1	0	1	2	1	p06-030.png	
2	1	0	1	2	1	p06-042.png	
2	1	0	1	2	1	p06-047.png	
2	1	0	1	2	1	p06-052.png	
0	1	2	1	0	1	p06-058.png	
0	1	0	1	1	1	p06-069.png	
0	1	0	1	1	1	p06-088.png	
0	1	0	1	0	1	p06-096.png	
2	1	0	1	2	1	p06-104.png	
0	0	1	2	2	1	p06-242.png	
1	0	1	0	2	1	p06-248.png	
2	1	2	2	1	6	r02-000.png	
2	1	2	0	1	1	r02-003.png	
2	0	1	0	2	6	r02-006.png	
0	1	2	2	1	6	r02-010.png	
1	1	0	1	2	1	r02-013.png	
0	1	0	2	1	6	r02-038.png	
1	0	2	2	2	1	r02-054.png	
2	1	0	1	1	6	r02-060.png	
1	1	0	1	2	1	r02-065.png	
0	0	2	0	2	6	r02-070.png	
2	1	2	0	1	6	r02-078.png	
0	1	2	2	1	1	r02-081.png	
2	1	2	1	1	6	r02-089.png	
2	1	2	2	1	6	r02-109.png	
2	0	2	0	2	1	r02-117.png	
0	0	1	0	2	1	r02-127.png	
0	0	1	0	1	1	r02-131.png	
1	1	0	2	2	1	r02-137.png	
1	1	0	2	1	6	r02-146.png	
0	0	1	1	2	6	r03-002.png	
2	0	2	2	2	1	r03-007.png	
1	1	2	1	1	6	r03-026.png	
2	0	1	0	2	6	r03-030.png	
0	0	2	1	2	6	r03-035.png	
0	1	2	2	1	6	r03-050.png	
2	1	0	1	0	6	r03-053.png	
2	1	2	1	1	6	r03-056.png	
2	0	1	2	2	6	r03-065.png	
0	1	0	1	2	6	r03-084.png	
0	0	1	0	1	6	r03-090.png	
2	0	1	0	0	6	r03-096.png	
2	1	2	1	1	6	r03-110.png	
2	0	1	0	2	6	r03-115.png	
0	1	0	0	0	0	r06-000.png	
0	0	2	2	2	0	r06-003.png	
2	1	2	2	0	0	r06-007.png	
0	1	2	0	1	0	r06-011.png	
0	0	2	0	2	0	r06-018.png	
0	0	2	2	1	0	r06-022.png	
1	1	0	2	2	0	r06-027.png	
1	1	2	2	1	0	r06-035.png	
1	0	1	2	2	0	r06-041.png	
2	1	2	1	0	0	r06-044.png	
0	0	2	0	2	0	r06-049.png	
0	1	0	2	0	0	r06-053.png	
0	0	2	2	1	0	r06-057.png	
0	0	1	2	2	0	r06-062.png	
0	1	0	2	0	0	r06-066.png	
2	1	2	2	0	0	r06-070.png	
0	0	2	2	2	0	r06-076.png	
2	0	2	2	1	0	r06-090.png	
0	1	2	2	0	0	r06-097.png	
0	0	2	2	2	0	r06-103.png	
0	0	1	2	2	0	r06-106.png	
2	1	2	2	1	0	r06-111.png	
1	0	2	2	2	0	r06-115.png	
2	0	2	1	2	0	r06-121.png	
1	1	2	2	0	0	r06-126.png	
2	0	1	2	2	0	r06-130.png	
2	0	2	2	2	0	r06-137.png	
0	1	2	0	2	0	r06-143.png	