0.99	4.22	48.76	2.42	10.54	-15	a01-000u.png	
0.0	9.72	23.86	6.72	16.25	180	a01-000x.png	
-0.21	7.29	29.62	3.17	16.98	180	a01-003.png	
-0.09	4.88	43.0	1.12	11.7	-15	a01-003u.png	
-0.54	4.2	56.22	1.03	17.45	180	a01-003x.png	
-0.17	8.59	25.04	2.92	20.13	-5	a01-007.png	
0.39	4.35	47.76	1.83	7.38	-15	a01-007u.png	
0.21	4.71	49.45	1.42	19.84	180	a01-007x.png	
-0.11	5.14	42.05	1.86	11.99	180	a01-011.png	
-0.65	4.96	41.72	1.77	9.39	-15	a01-011u.png	
2.42	4.83	48.42	1.22	20.24	180	a01-011x.png	
-0.2	5.43	39.75	1.04	12.65	-5	a01-014.png	
0.0	4.77	43.39	1.85	11.62	-15	a01-014u.png	
1.56	8.53	27.19	2.06	18.46	180	a01-014x.png	
0.1	6.34	33.92	1.94	14.86	180	a01-020.png	
0.0	7.43	28.14	2.17	17.88	-15	a01-020u.png	
0.2	4.62	50.18	2.02	19.55	180	a01-020x.png	
-0.54	6.18	34.96	1.85	14.43	180	a01-026.png	
-1.13	4.47	46.54	1.18	21.17	-15	a01-026u.png	
0.95	8.39	27.52	1.13	18.26	180	a01-026x.png	
-0.24	4.91	43.81	1.82	11.5	180	a01-030.png	
0.0	4.14	50.25	1.35	19.58	-5	a01-030u.png	
0.0	5.54	41.91	1.67	11.99	180	a01-030x.png	
1.19	3.55	60.5	0.79	16.28	180	a01-038.png	
-0.83	4.66	50.0	0.98	19.62	180	a01-038x.png	
0.14	3.16	68.42	0.58	7.19	180	a01-043.png	
-0.46	6.61	31.19	2.33	16.16	-15	a01-043u.png	
0.81	5.33	43.56	1.19	11.53	180	a01-043x.png	
-0.26	3.43	63.62	0.57	15.47	180	a01-049.png	
-1.54	3.68	55.64	1.04	17.7	-15	a01-049u.png	
-0.31	5.91	39.23	1.53	12.78	180	a01-049x.png	
-1.4	2.79	77.36	0.34	7.68	180	a01-053.png	
0.24	4.42	46.62	1.54	7.82	-15	a01-053u.png	
-0.27	7.06	32.86	1.24	15.28	180	a01-053x.png	
0.0	1.79	120.4	0.44	8.17	180	a01-058.png	
-0.46	4.79	42.59	2.24	11.82	-15	a01-058u.png	
0.38	3.77	61.48	0.82	15.96	180	a01-058x.png	
0.56	2.2	97.75	0.33	3.42	180	a01-063.png	
0.0	6.95	29.63	3.08	16.98	-15	a01-063u.png	
-1.93	5.36	43.67	0.79	11.48	180	a01-063x.png	
0.91	4.49	45.62	1.78	11.05	-15	a01-068u.png	
0.33	5.43	37.91	2.45	13.29	-15	a01-072u.png	
-0.17	8.98	26.05	3.71	19.27	180	a01-072x.png	
0.14	5.52	38.94	0.9	8.67	180	a01-077.png	
0.0	6.03	33.52	2.42	15.04	-15	a01-077u.png	
-0.07	5.31	38.8	1.44	12.99	-15	a01-082u.png	
-0.57	5.66	38.32	1.7	13.15	180	a01-087.png	
0.61	5.11	40.12	2.15	12.56	-15	a01-087u.png	
-1.23	5.6	38.03	0.79	13.36	180	a01-091.png	
0.0	5.95	34.6	2.84	14.57	-5	a01-091u.png	
-0.43	5.38	38.31	1.99	13.16	-15	a01-096u.png	
1.61	4.11	52.1	0.66	19.02	180	a01-102.png	
-1.49	5.51	37.4	2.32	13.48	-15	a01-102u.png	
-0.1	6.18	34.96	2.11	14.42	180	a01-107.png	
-0.06	7.19	28.5	2.3	17.68	-15	a01-107u.png	
-0.9	4.32	50.27	1.34	9.79	180	a01-113.png	
-0.23	4.92	42.88	1.52	11.74	180	a01-113u.png	
2.49	3.67	58.25	0.85	16.89	-5	a01-117.png	
-0.29	4.48	45.56	1.45	11.06	-15	a01-117u.png	
0.0	4.14	51.89	1.63	18.98	180	a01-122.png	
0.0	6.7	30.62	1.98	10.95	-5	a01-122u.png	
0.52	4.58	47.33	1.28	20.79	180	a01-128.png	
-1.19	4.3	48.42	1.44	20.34	-5	a01-128u.png	
-0.13	6.19	34.74	1.41	14.49	180	a01-132.png	
0.17	4.91	41.96	1.91	12.01	180	a01-132u.png	
0.52	7.85	29.67	1.9	13.81	180	a01-132x.png	
0.32	6.03	35.68	2.3	11.26	180	a02-000.png	
0.0	5.19	42.03	1.12	9.45	180	a02-004.png	
-0.96	6.4	33.59	2.5	14.99	180	a02-008.png	
2.28	6.05	35.72	1.01	14.11	180	a02-012.png	
-0.91	5.11	41.53	2.29	12.16	-30	a02-017.png	
-0.67	5.39	39.35	2.88	12.82	-30	a02-020.png	
1.11	5.96	35.59	2.41	14.19	-30	a02-024.png	
-0.42	4.75	44.88	1.41	22.04	-30	a02-027.png	
-0.42	4.95	42.67	2.38	23.18	-30	a02-032.png	
-0.84	4.47	46.81	1.14	21.11	-30	a02-037.png	
-0.41	5.7	37.22	2.03	13.56	-30	a02-042.png	
2.03	5.87	35.41	2.33	14.25	180	a02-046.png	
-0.09	5.42	38.22	2.77	10.3	180	a02-050.png	
0.94	4.78	43.5	2.31	11.6	180	a02-053.png	
0.59	5.06	40.89	1.35	12.36	180	a02-057.png	
0.16	5.75	35.86	1.58	14.1	180	a02-062.png	
1.08	5.19	40.11	1.39	8.7	180	a02-067.png	
0.5	4.51	46.76	2.26	21.06	-5	a02-072.png	
0.99	10.89	19.29	2.84	26.11	-5	a02-078.png	
0.0	5.68	38.0	3.01	6.03	180	a02-082.png	
0.0	5.35	40.21	2.39	12.52	180	a02-086.png	
0.48	5.45	38.68	2.54	8.68	-30	a02-090.png	
-0.55	5.12	41.19	2.0	12.26	-30	a02-093.png	
0.71	6.63	31.84	1.63	15.86	-30	a02-098.png	
-0.21	4.94	42.96	1.52	23.0	-30	a02-102.png	
-2.42	6.08	34.87	0.85	14.47	-30	a02-106.png	
0.0	5.56	38.16	1.2	13.21	-30	a02-111.png	
-0.44	5.73	36.11	1.56	13.96	180	a02-116.png	
0.23	4.43	46.24	1.24	10.66	180	a02-120.png	
0.24	8.7	24.36	3.85	20.67	-30	a02-124.png	
-1.2	3.77	54.9	1.36	17.94	180	a03-006.png	
-0.58	4.48	46.17	2.12	21.34	180	a03-009.png	
0.55	5.25	39.43	1.86	12.78	180	a03-011.png	
0.0	3.77	54.61	1.06	18.04	180	a03-014.png	
-1.62	5.44	38.07	1.52	13.24	180	a03-017.png	
-0.2	3.23	63.83	0.69	10.26	180	a03-020.png	
0.0	4.51	45.9	1.69	8.65	-5	a03-023.png	
0.0	5.83	35.48	0.74	14.21	-5	a03-027.png	
-0.36	5.95	35.11	2.88	7.9	180	a03-030.png	
0.28	5.1	40.82	1.89	12.35	180	a03-034.png	
0.57	6.33	32.69	2.05	15.42	180	a03-037.png	
0.0	5.43	38.09	2.18	10.11	-5	a03-040.png	
1.6	4.0	51.94	1.93	18.96	180	a03-043.png	
0.04	5.42	39.3	1.45	12.83	-30	a03-047.png	
0.31	5.08	41.71	2.66	23.67	-30	a03-050.png	
0.06	3.85	53.5	0.61	6.62	180	a03-054.png	
0.13	4.45	46.08	0.55	21.38	-5	a03-059.png	
1.39	4.27	48.5	1.23	20.31	180	a03-063.png	
0.0	6.59	31.39	1.38	16.05	-15	a03-066.png	
-0.56	6.32	33.09	2.42	15.22	-30	a03-071.png	
0.43	6.26	33.89	1.84	14.89	-30	a03-073.png	
-0.4	6.54	32.4	2.21	15.56	-30	a03-080.png	
0.67	7.61	27.86	12.32	18.02	-30	a03-089.png	
1.11	4.82	44.0	2.46	11.5	180	a04-000.png	
1.04	4.36	49.11	1.93	20.12	180	a04-003.png	
0.0	0.14	58.87	0.91	8.37	180	a04-006.png	
2.05	4.6	46.08	1.25	21.44	180	a04-010.png	
0.93	6.15	34.62	1.58	14.6	180	a04-015.png	
-0.37	5.23	40.76	1.54	12.4	180	a04-019.png	
-0.73	3.93	54.74	1.49	18.05	180	a04-023.png	
0.47	4.6	46.53	2.28	21.26	180	a04-027.png	
-0.21	6.33	34.26	1.44	14.74	180	a04-031.png	
1.05	7.32	29.51	1.51	17.13	180	a04-035.png	
0.0	5.03	41.96	1.47	12.06	180	a04-039.png	
0.99	7.99	26.65	2.74	18.97	180	a04-043.png	
0.09	3.82	57.6	1.25	17.15	180	a04-047.png	
0.0	4.59	47.5	1.55	20.78	180	a04-050.png	
0.0	4.43	48.95	1.58	20.16	180	a04-054.png	
0.0	5.92	37.19	1.25	13.59	180	a04-059.png	
-0.09	5.55	38.4	1.7	13.16	180	a04-066.png	
0.79	5.1	44.32	1.34	11.39	180	a04-069.png	
-3.72	5.59	39.32	0.94	12.84	180	a04-072.png	
0.96	4.84	45.68	1.98	11.05	180	a04-081.png	
0.24	5.03	43.14	1.14	11.72	180	a04-085.png	
-0.25	4.96	43.77	1.28	11.54	180	a04-089.png	
1.12	5.88	37.59	1.15	13.45	180	a04-092.png	
0.57	5.35	40.75	1.65	12.39	180	a04-096.png	
-2.11	5.71	38.19	1.12	13.22	180	a04-099.png	
-1.07	6.36	33.0	1.8	15.3	-5	a04-103.png	
0.35	7.18	29.53	4.86	17.08	-30	a05-000.png	
2.56	6.15	34.29	1.7	14.69	180	a05-004.png	
0.46	6.53	32.14	2.84	15.68	180	a05-009.png	
1.02	5.7	36.84	2.72	26.76	-30	a05-013.png	
-0.62	6.25	33.58	2.22	29.36	-30	a05-017.png	
-0.69	6.55	32.24	2.84	30.62	-30	a05-022.png	
-0.4	7.31	28.85	3.5	34.21	-30	a05-025.png	
-0.78	6.35	33.39	3.32	29.56	-30	a05-029.png	
0.43	6.05	34.88	2.1	14.42	-30	a05-039.png	
0.69	5.03	41.71	1.96	12.08	-30	a05-044.png	
0.38	6.17	34.38	2.15	28.71	-30	a05-048.png	
-0.13	6.35	33.21	1.7	29.69	-30	a05-053.png	
-0.8	6.71	31.29	2.96	31.52	-30	a05-058.png	
-0.9	5.58	38.15	2.4	13.21	-30	a05-062.png	
1.13	6.53	32.0	3.06	15.72	-30	a05-069.png	
1.04	4.97	42.43	1.92	23.26	-30	a05-073.png	
-0.14	5.32	39.45	2.29	8.8	-30	a05-080.png	
-0.06	7.31	28.58	2.79	17.63	-30	a05-084.png	
-0.05	5.28	40.12	1.59	24.58	-30	a05-089.png	
-0.44	5.36	38.64	1.4	13.04	-30	a05-094.png	
-0.39	6.17	34.17	2.3	28.85	-30	a05-099.png	
0.93	6.96	30.17	2.59	16.67	-30	a05-104.png	
-0.44	5.23	39.78	2.62	12.66	-30	a05-108.png	
-0.46	6.18	33.83	2.33	14.9	-30	a05-113.png	
-0.43	6.17	33.86	1.73	14.87	-30	a05-116.png	
-0.43	5.79	35.56	1.92	14.16	-30	a05-121.png	
-0.52	6.68	31.14	2.79	16.17	-30	a05-125.png	
0.0	7.96	26.25	11.33	15.39	180	a06-000.png	
0.04	10.5	20.2	11.81	24.98	180	a06-004.png	
1.1	5.39	39.12	1.76	11.22	180	a06-008.png	
-0.85	4.17	50.57	1.44	19.52	180	a06-014.png	
0.14	6.11	34.53	3.41	14.63	180	a06-020.png	
0.21	5.27	39.81	3.07	8.44	180	a06-025.png	
0.0	3.55	59.68	0.97	16.52	180	a06-036.png	
0.0	7.01	29.95	1.34	16.85	180	a06-039.png	
0.25	4.4	48.18	2.16	20.47	180	a06-044.png	
0.46	4.09	51.77	1.27	19.06	180	a06-051.png	
1.22	5.72	36.71	3.15	13.76	180	a06-057.png	
1.82	6.72	31.41	1.84	16.06	180	a06-064.png	
0.64	6.41	32.92	2.28	10.21	180	a06-070.png	
0.04	4.26	49.48	1.49	19.95	180	a06-075.png	
-0.53	7.18	29.24	2.11	17.25	180	a06-090.png	
0.36	3.47	60.46	0.78	16.33	180	a06-095.png	
-0.21	4.95	42.45	2.06	11.9	180	a06-100.png	
1.01	4.31	48.71	1.53	20.28	180	a06-110.png	
2.34	5.9	35.59	2.31	9.46	180	a06-114.png	
0.0	4.15	50.89	1.68	8.35	180	a06-119.png	
1.86	6.94	30.39	3.74	16.59	180	a06-124.png	
1.9	4.77	44.19	1.26	8.97	180	a06-128.png	
0.2	7.11	29.83	2.78	16.9	180	a06-134.png	
0.28	6.32	33.06	3.61	15.23	180	a06-141.png	
0.07	6.16	34.11	3.22	14.78	180	a06-147.png	
1.53	4.92	43.12	1.51	11.71	180	a06-152.png	
0.18	6.55	32.08	5.21	15.71	180	a06-157.png	
0.58	6.53	33.39	3.31	9.91	-15	b01-000.png	
-0.09	5.98	35.78	3.02	13.93	-15	b01-004.png	
0.4	5.33	40.0	3.63	24.43	-15	b01-009.png	
2.06	4.75	45.24	1.73	21.62	-15	b01-014.png	
2.68	6.21	34.3	1.8	14.54	-15	b01-018.png	
1.06	6.52	33.0	2.74	15.11	-15	b01-023.png	
-0.3	4.46	47.75	1.72	20.48	-15	b01-027.png	
0.62	5.87	36.3	2.57	13.73	-15	b01-033.png	
-2.31	5.67	37.38	0.87	9.53	-15	b01-038.png	
1.1	5.98	35.14	2.51	14.2	-15	b01-044.png	
-0.18	11.14	18.77	4.31	26.59	-15	b01-049.png	
-0.62	5.93	34.56	1.78	14.44	-15	b01-053.png	
0.13	4.53	47.0	1.04	14.43	-15	b01-057.png	
-2.39	4.18	50.96	1.12	19.19	-15	b01-062.png	
-0.31	7.6	28.29	5.55	17.62	-15	b01-073.png	
-0.2	5.61	37.96	1.97	25.74	-15	b01-079.png	
1.02	4.46	48.2	1.69	20.27	-15	b01-084.png	
1.27	4.36	48.39	1.33	20.21	-15	b01-089.png	
-2.08	4.37	48.78	1.31	20.05	-15	b01-094.png	
0.66	3.63	59.44	1.42	16.45	-15	b01-113.png	
0.36	3.81	56.62	1.86	17.27	-15	b01-118.png	
-0.06	4.1	52.71	1.34	18.55	-15	b01-122.png	
-0.14	4.86	44.4	1.33	22.03	-15	b01-127.png	
0.0	4.69	45.83	1.46	21.32	-15	b01-132.png	
-0.39	4.8	45.65	1.47	21.4	-15	b01-136.png	
-0.24	9.23	22.54	1.95	22.14	-15	b02-013.png	
-0.15	5.84	36.79	1.43	26.58	-15	b02-035.png	
0.23	4.87	44.8	1.89	21.85	-15	b02-045.png	
0.4	4.81	44.95	2.04	13.14	-15	b02-097.png	
0.17	8.16	26.46	2.5	12.56	-15	b02-102.png	
-1.75	7.41	29.0	6.44	17.17	-15	b02-105.png	
0.24	4.87	42.53	2.58	23.0	-15	b03-025.png	
-0.49	5.12	40.43	3.58	24.22	-15	b03-087.png	
0.72	4.91	41.93	3.12	23.37	-15	b03-092.png	
0.0	5.88	35.21	2.07	14.2	-15	b03-098.png	
-0.61	5.14	40.89	1.26	23.97	-15	b03-104.png	
0.69	4.26	49.04	0.96	19.43	-15	b03-109.png	
1.31	4.88	42.38	1.35	23.12	-15	b03-114.png	
0.0	7.26	29.88	2.66	16.66	-15	b04-000.png	
0.0	7.94	27.33	1.87	18.26	-15	b04-004.png	
0.18	6.95	31.52	1.65	15.83	-15	b04-010.png	
0.04	7.0	30.44	1.66	16.39	-15	b04-020.png	
1.45	5.76	36.65	2.62	13.61	-15	b04-026.png	
-0.16	6.84	31.16	3.37	16.02	-15	b04-034.png	
1.31	6.34	33.26	3.0	15.0	-15	b04-040.png	
0.05	5.58	38.0	3.01	25.74	-15	b04-047.png	
0.26	5.1	41.35	2.68	23.67	-15	b04-054.png	
0.42	5.17	41.0	2.33	23.88	-15	b04-060.png	
-0.08	6.14	34.39	2.28	14.51	-15	b04-066.png	
0.57	6.27	33.81	3.79	14.76	-15	b04-075.png	
1.96	4.85	43.91	1.68	22.3	-15	b04-081.png	
2.18	5.68	36.97	1.06	13.48	-15	b04-089.png	
1.83	5.18	40.95	2.16	23.88	-15	b04-096.png	
0.21	8.67	24.33	1.47	20.51	-15	b04-103.png	
-0.23	6.45	33.5	1.58	14.9	-15	b04-107.png	
0.2	6.14	34.54	2.12	14.45	-15	b04-116.png	
0.0	7.69	28.23	2.53	17.68	-15	b04-121.png	
0.23	6.79	31.24	2.95	15.97	-15	b04-128.png	
0.42	4.66	45.93	1.01	21.32	-15	b04-134.png	
0.69	4.19	51.35	1.19	19.07	-15	b04-140.png	
0.17	5.33	40.19	1.39	24.36	-15	b04-147.png	
0.88	5.36	40.12	1.48	24.4	-15	b04-154.png	
-0.6	5.0	42.04	1.57	23.29	-15	b04-162.png	
0.45	4.2	51.37	1.65	19.06	-15	b04-169.png	
-0.85	4.29	50.07	0.92	9.13	-15	b04-175.png	
1.16	6.01	35.76	3.26	13.94	-15	b04-181.png	
1.05	4.98	43.21	1.5	22.63	-15	b04-187.png	
0.07	7.62	27.56	1.76	18.07	-15	b04-195.png	
1.36	7.15	29.79	1.63	16.72	-15	b04-202.png	
-1.25	4.51	46.75	5.92	20.94	-15	b04-208.png	
0.0	4.44	46.67	2.76	20.94	-15	b05-017.png	
0.28	3.82	54.96	1.05	17.78	-15	b05-032.png	
0.12	4.06	51.78	1.78	18.87	-15	b05-038.png	
1.21	5.19	39.73	0.78	16.44	-15	b05-042.png	
1.08	4.29	48.04	0.92	20.36	-15	b05-045.png	
1.3	5.18	39.8	1.6	24.57	-15	b05-050.png	
-0.09	4.27	47.79	2.87	10.19	-15	b05-055.png	
0.55	3.96	52.0	2.32	18.79	-15	b05-058.png	
0.0	5.07	40.47	2.76	24.14	-15	b05-062.png	
0.0	6.22	33.12	2.13	12.32	-15	b05-067.png	
0.0	4.08	50.43	2.67	9.67	-15	b05-071.png	
0.69	5.91	34.84	1.4	14.29	-15	b05-074.png	
0.34	5.32	38.33	1.25	25.51	-15	b05-079.png	
-1.17	4.27	49.17	1.29	19.87	-15	b05-083.png	
-0.04	2.88	71.48	0.83	13.68	-15	b05-088.png	
0.23	4.62	45.28	0.97	21.58	-15	b05-098.png	
0.09	5.93	35.26	2.87	14.16	-15	b06-000.png	
0.0	5.29	38.0	1.53	25.84	-15	b06-004.png	
0.0	5.23	39.97	0.85	24.54	-15	b06-008.png	
0.46	5.01	40.11	2.41	24.46	-15	b06-012.png	
0.23	5.26	39.38	1.19	12.46	-15	b06-015.png	
-0.53	4.02	52.29	1.07	7.98	-15	b06-019.png	
-0.05	5.7	36.82	2.2	13.57	-15	b06-023.png	
0.0	2.84	74.0	0.38	13.27	-15	b06-027.png	
-1.69	3.22	65.25	1.48	15.02	-15	b06-032.png	
0.0	5.11	39.17	1.29	25.04	-30	b06-036.png	
0.0	5.99	35.06	1.38	14.25	-15	b06-042.png	
0.12	4.45	45.59	0.96	21.52	-15	b06-045.png	
-0.19	4.87	41.11	1.26	23.86	-15	b06-049.png	
0.0	5.83	35.31	1.3	14.16	-15	b06-053.png	
0.44	4.67	44.97	0.56	21.79	-15	b06-056.png	
-0.13	5.9	35.73	3.83	13.99	-15	b06-059.png	
0.94	6.26	33.54	1.97	14.92	-15	b06-064.png	
0.38	7.34	28.46	1.46	11.7	-15	b06-068.png	
0.0	3.87	53.81	0.85	18.25	-15	b06-071.png	
0.0	4.13	48.72	0.84	20.15	-15	b06-075.png	
-0.23	4.95	42.64	1.17	22.98	-15	b06-079.png	
-0.49	3.67	54.21	0.65	11.11	-15	b06-082.png	
0.42	6.29	34.0	1.82	14.68	-15	b06-087.png	
0.03	7.23	29.17	2.04	17.11	-15	b06-090.png	
0.0	3.07	68.39	0.65	14.33	-15	b06-093.png	
0.8	7.01	30.09	2.91	16.6	-15	b06-097.png	
-0.46	5.24	40.04	1.81	24.52	-15	b06-100.png	
-0.66	4.03	50.11	1.73	19.58	-15	b06-110.png	
0.31	4.66	45.69	0.81	11.09	180	c01-009.png	
-1.29	4.35	48.97	0.68	8.3	180	c01-014.png	
-0.91	3.98	52.06	1.77	5.76	-5	c01-066.png	
1.37	4.86	43.85	1.26	11.55	180	c02-000.png	
0.09	18.12	11.7	10.06	17.5	180	c02-003.png	
0.55	7.92	26.26	1.9	19.28	-5	c02-007.png	
0.23	6.51	31.65	1.41	31.25	-5	c02-012.png	
0.41	7.52	27.78	1.27	15.3	-15	c02-017.png	
0.13	6.29	32.88	2.03	15.39	-5	c02-022.png	
0.94	5.87	35.27	1.23	11.48	180	c02-026.png	
0.8	3.57	58.57	1.11	16.89	-5	c02-030.png	
-0.16	4.78	43.53	2.51	9.3	-5	c02-035.png	
0.06	3.94	52.59	0.7	6.16	-5	c02-049.png	
0.12	4.29	48.21	1.28	20.52	-5	c02-056.png	
1.27	6.01	35.63	1.69	9.46	180	c02-059.png	
1.39	5.67	37.76	1.37	26.19	180	c02-078.png	
0.0	5.02	40.81	1.05	12.41	180	c02-082.png	
-0.14	7.47	27.69	6.19	18.27	-5	c02-089.png	
0.0	4.39	50.82	1.76	19.62	-15	c03-000a.png	
0.53	4.26	49.59	2.09	7.56	180	c03-000b.png	
0.52	5.47	40.56	1.78	8.42	-5	c03-000c.png	
0.11	5.0	46.42	1.52	5.95	-15	c03-000d.png	
-0.26	3.31	67.75	1.0	14.73	-5	c03-000e.png	
0.0	5.83	38.62	1.28	13.26	-5	c03-000f.png	
-0.14	5.5	39.79	1.26	8.59	-5	c03-003a.png	
0.19	4.34	49.82	1.38	19.97	180	c03-003b.png	
-1.69	5.02	43.23	1.74	11.8	180	c03-003c.png	
0.0	6.67	32.97	1.53	15.33	180	c03-003d.png	
-0.25	4.05	54.62	0.78	18.27	-5	c03-003e.png	
0.0	6.96	31.76	1.11	16.18	-5	c03-003f.png	
0.95	4.5	48.67	1.55	20.26	180	c03-007.png	
0.24	6.22	36.18	1.78	14.21	-15	c03-007a.png	
0.32	6.45	34.86	1.68	14.73	-5	c03-007b.png	
-1.2	8.67	25.96	3.34	19.78	-15	c03-007c.png	
0.8	5.6	39.26	1.88	8.58	180	c03-007d.png	
0.0	5.41	41.8	0.78	8.19	-15	c03-007e.png	
0.0	6.94	32.42	1.44	15.82	180	c03-007f.png	
0.51	5.67	37.06	1.27	13.87	-5	c03-016a.png	
-1.11	4.61	45.38	0.98	11.28	-15	c03-016b.png	
0.57	5.2	40.97	0.92	12.51	-5	c03-016c.png	
0.31	7.4	29.87	1.29	11.27	-5	c03-016d.png	
-0.16	3.36	63.1	0.69	15.88	-15	c03-016e.png	
0.0	5.48	39.59	1.23	12.96	-5	c03-021a.png	
-0.16	4.19	52.68	1.25	9.78	180	c03-021b.png	
-1.04	6.69	32.28	1.59	10.07	-15	c03-021c.png	
-1.57	4.84	44.67	1.34	5.63	180	c03-021d.png	
1.4	3.15	68.83	0.71	14.51	-15	c03-021e.png	
0.4	6.0	36.0	0.96	14.28	-5	c03-021f.png	
0.26	5.65	35.57	1.34	14.37	-5	c03-081a.png	
0.0	3.56	58.14	1.14	17.2	-5	c03-081b.png	
1.03	5.65	35.77	1.31	14.34	-15	c03-081c.png	
-0.08	4.56	46.96	1.23	7.18	-5	c03-081d.png	
0.76	5.4	37.39	0.83	13.67	-5	c03-081e.png	
0.0	5.56	36.0	0.98	9.45	-15	c03-081f.png	
0.31	5.0	42.21	1.58	12.17	-5	c03-084a.png	
-0.77	3.55	59.78	1.43	16.71	180	c03-084b.png	
-0.52	3.67	57.56	1.83	17.3	-5	c03-084c.png	
0.18	4.06	52.89	1.59	18.64	180	c03-084d.png	
-0.1	3.83	54.89	0.85	18.16	-15	c03-084e.png	
0.0	5.62	37.52	1.11	13.7	-5	c03-084f.png	
-1.32	4.82	43.96	1.68	11.69	-5	c03-087a.png	
-0.51	3.92	53.62	1.51	6.23	-5	c03-087b.png	
-0.38	3.48	60.11	1.48	16.64	-5	c03-087c.png	
-0.32	4.75	46.74	1.11	7.18	180	c03-087d.png	
-0.44	3.77	55.64	0.82	18.03	-5	c03-087e.png	
0.0	6.23	34.03	1.2	15.05	-5	c03-087f.png	
0.17	4.81	43.67	0.99	11.76	-5	c03-094a.png	
0.56	4.62	48.04	1.01	6.9	-5	c03-094b.png	
0.2	5.32	39.28	1.19	12.98	-15	c03-094c.png	
-0.37	4.24	50.21	0.82	19.68	180	c03-094d.png	
-0.32	3.92	54.32	0.65	18.37	-15	c03-094e.png	
0.86	5.16	41.06	1.05	12.52	180	c03-094f.png	
0.25	5.35	39.79	1.34	7.03	-5	c03-096a.png	
0.18	4.16	53.86	1.5	18.59	-15	c03-096b.png	
0.0	5.14	41.24	2.08	12.44	-15	c03-096c.png	
0.0	5.23	41.29	1.85	8.15	-5	c03-096d.png	
-0.22	6.31	33.62	0.98	15.21	-15	c03-096e.png	
0.0	4.7	44.9	1.1	22.23	-15	c03-096f.png	
0.84	8.36	25.12	6.16	15.01	180	c04-000.png	
0.0	7.16	29.32	3.01	17.26	180	c04-004.png	
1.26	6.48	32.73	2.04	15.46	180	c04-008.png	
0.69	6.65	31.74	3.29	15.94	180	c04-013.png	
0.0	7.63	27.65	1.75	18.3	180	c04-017.png	
-0.08	5.47	38.24	2.98	13.23	180	c04-023.png	
0.0	6.66	31.7	1.72	15.98	180	c04-028.png	
-0.25	4.76	44.72	0.99	11.31	-5	c04-035.png	
-1.66	5.68	37.68	1.45	13.44	180	c04-039.png	
6.17	2.94	71.76	0.72	7.31	180	c04-044.png	
0.0	5.41	39.18	1.36	12.92	180	c04-050.png	
1.2	5.15	41.0	1.43	12.35	180	c04-056.png	
0.05	7.84	27.16	2.81	18.65	180	c04-061.png	
-0.42	6.6	32.27	2.64	15.68	180	c04-066.png	
0.19	7.89	26.86	2.32	18.84	180	c04-075.png	
0.12	5.29	40.29	1.68	12.57	180	c04-080.png	
0.0	6.41	32.61	2.45	15.55	180	c04-089.png	
0.36	5.87	36.28	2.96	13.95	180	c04-098.png	
-1.34	5.18	40.9	2.02	12.37	180	c04-105.png	
0.36	7.74	27.13	5.36	18.65	180	c04-110.png	
0.32	8.27	25.5	5.34	19.84	180	c04-116.png	
2.54	5.77	36.4	1.84	13.91	180	c04-122.png	
1.68	5.02	41.85	1.38	12.09	180	c04-128.png	
0.0	6.6	31.95	2.86	15.85	180	c04-134.png	
-0.29	6.74	31.6	2.28	16.01	180	c04-139.png	
0.67	4.11	51.85	1.49	19.07	180	c04-144.png	
-0.67	4.42	47.5	1.73	10.66	180	c04-150.png	
-1.18	5.93	36.08	1.99	14.02	180	c04-156.png	
0.56	3.99	54.08	0.84	18.29	180	c04-160.png	
0.0	5.81	37.03	1.33	13.68	180	c04-165.png	
0.83	6.52	33.28	3.32	15.21	180	c04-170.png	
-1.7	4.16	50.19	2.23	19.77	-5	c06-000.png	
0.0	3.47	60.47	1.25	16.4	180	c06-005.png	
-0.12	4.04	51.94	1.77	19.1	180	c06-011.png	
0.16	3.67	56.93	0.57	17.42	180	c06-014.png	
-0.56	4.47	47.0	1.62	10.8	180	c06-020.png	
-0.17	9.01	22.75	2.56	19.22	180	c06-027.png	
0.0	6.48	32.56	7.84	15.6	180	c06-031.png	
-0.13	5.25	40.0	2.81	12.69	180	c06-039.png	
2.86	3.92	54.1	1.4	7.99	180	c06-043.png	
-0.11	3.78	53.48	1.11	18.57	-5	c06-047.png	
-0.17	5.13	39.39	1.86	12.9	180	c06-052.png	
0.0	5.62	37.39	2.85	13.59	180	c06-058.png	
0.87	5.26	38.63	0.92	13.16	180	c06-076.png	
0.55	4.41	47.62	1.27	10.68	180	c06-080.png	
0.53	3.62	57.48	0.96	17.26	-15	c06-083.png	
-0.36	4.13	48.68	1.42	20.38	-5	c06-087.png	
-1.29	3.47	58.0	1.63	17.1	180	c06-091.png	
0.08	6.76	30.79	2.5	16.5	180	c06-095.png	
0.63	5.66	37.1	2.49	13.69	180	c06-100.png	
0.0	3.75	55.52	0.48	17.87	180	c06-103.png	
0.05	4.94	42.48	1.26	11.96	180	c06-106.png	
-0.3	4.56	43.83	1.58	11.59	-15	c06-111.png	
0.55	5.36	39.15	1.55	12.97	-5	c06-116.png	
-0.29	8.14	25.92	1.7	19.6	180	c06-128.png	
0.83	1.83	113.71	0.47	8.72	-15	c06-138.png	
-0.32	5.76	37.0	3.67	13.59	180	d01-016.png	
0.58	5.31	40.11	2.41	12.54	180	d01-019.png	
1.23	5.55	38.59	2.08	8.7	180	d01-024.png	
-0.23	4.6	46.29	1.67	21.26	180	d01-049.png	
-0.39	4.17	50.82	2.0	19.36	180	d01-052.png	
-0.54	6.65	30.53	1.83	10.98	-5	d01-056.png	
0.32	5.39	38.58	1.17	13.06	-15	d01-060.png	
-0.66	5.92	34.77	2.39	11.7	180	d01-080.png	
-0.37	7.26	28.67	2.35	17.58	-5	d01-085.png	
-0.76	5.6	36.59	3.17	13.79	-5	d01-098.png	
0.13	5.88	35.38	2.49	14.24	-5	d01-104.png	
0.92	3.22	64.81	1.5	7.58	-5	d01-118.png	
-0.44	4.78	43.33	1.49	11.62	-5	d01-123.png	
-2.33	11.31	17.94	8.39	18.91	-15	d03-112.png	
-0.07	6.37	32.16	1.12	15.69	-15	d03-117.png	
0.45	6.41	32.94	3.93	15.38	180	d04-005.png	
-1.07	8.01	26.58	4.13	14.96	180	d04-008.png	
0.0	5.72	37.21	1.44	13.57	180	d04-012.png	
0.0	10.36	20.56	13.0	24.57	180	d04-016.png	
-0.87	7.36	28.95	3.07	17.44	180	d04-021.png	
-1.01	7.37	28.89	3.72	17.48	180	d04-028.png	
-0.23	5.67	37.73	0.85	13.4	180	d04-032.png	
-0.66	4.83	44.09	1.67	22.41	180	d04-037.png	
0.58	8.54	24.93	2.71	20.26	180	d04-047.png	
0.52	5.85	36.72	2.92	13.77	-5	d04-050.png	
-0.18	6.09	34.96	1.85	14.46	180	d04-053.png	
-0.22	7.3	29.3	3.42	17.22	180	d04-058.png	
-0.39	11.06	19.25	4.61	26.26	180	d04-062.png	
0.14	5.21	41.28	0.96	9.91	180	d04-066.png	
0.46	6.49	32.95	2.57	15.31	180	d04-071.png	
-0.45	5.0	42.76	0.78	11.8	180	d04-075.png	
-0.89	4.83	43.91	1.68	11.51	180	d04-081.png	
-0.58	6.19	34.71	3.39	14.54	180	d04-086.png	
0.57	7.0	30.58	2.53	16.51	180	d04-089.png	
-0.08	7.42	28.3	2.47	17.85	180	d04-096.png	
0.0	6.09	35.0	3.35	14.43	180	d04-101.png	
-0.54	4.94	42.7	1.02	11.81	180	d04-111.png	
0.22	7.23	29.45	3.4	13.6	180	d04-117.png	
-0.46	8.63	24.57	4.02	13.69	180	d04-121.png	
1.12	6.27	33.95	2.63	14.87	180	d04-125.png	
0.0	4.71	44.79	2.04	11.27	180	d04-131.png	
0.44	5.81	36.0	2.13	13.99	180	d05-008.png	
3.55	4.96	42.14	1.92	5.88	180	d05-013.png	
0.86	4.55	45.75	1.47	11.02	180	d05-021.png	
0.21	5.78	36.33	1.38	13.87	180	d05-025.png	
1.13	6.13	34.07	1.82	14.79	180	d05-030.png	
0.53	4.01	52.07	2.32	18.9	180	d05-040.png	
-0.49	5.21	42.63	1.69	11.83	-15	d06-000.png	
0.54	5.98	34.6	2.0	8.03	180	d06-003.png	
-2.06	3.53	59.42	1.3	16.66	180	d06-008.png	
0.15	3.95	53.7	0.79	18.4	180	d06-011.png	
1.17	4.86	43.0	2.55	11.77	180	d06-015.png	
0.09	4.6	46.09	1.45	21.46	180	d06-020.png	
0.23	6.34	32.94	1.39	10.43	180	d06-025.png	
0.4	5.45	38.75	2.35	13.05	180	d06-027.png	
0.16	4.84	43.84	2.12	11.54	-5	d06-030.png	
-0.38	4.89	42.96	1.42	11.77	180	d06-037.png	
-0.72	4.18	50.26	1.72	19.66	180	d06-041.png	
0.0	4.07	51.54	1.1	19.19	-5	d06-046.png	
-0.55	3.51	60.06	1.7	16.48	-5	d06-050.png	
-1.88	6.02	35.07	1.55	14.41	180	d06-056.png	
-0.11	4.18	50.52	0.9	10.27	-5	d06-060.png	
0.0	3.77	55.76	0.89	9.16	-5	d06-063.png	
0.28	6.93	30.15	1.1	16.78	180	d06-067.png	
0.0	4.66	45.48	0.84	21.72	180	d06-072.png	
0.89	6.16	33.95	2.48	14.89	180	d06-076.png	
0.26	5.04	41.89	2.44	12.08	-5	d06-082.png	
-0.09	3.54	58.96	0.57	6.16	-5	d06-086.png	
0.0	6.15	34.45	1.6	14.66	-5	d06-091.png	
-0.95	4.63	45.16	1.3	11.2	180	d06-096.png	
-1.22	4.52	46.67	1.65	21.19	-5	d06-100.png	
0.72	4.52	46.44	0.75	21.3	180	d06-104.png	
0.76	5.54	38.07	0.62	13.26	-5	d06-107.png	
0.29	4.52	46.44	2.11	21.29	180	d06-111.png	
0.0	4.04	52.44	2.28	18.82	-5	d06-113.png	
1.44	3.87	54.21	1.51	18.11	-15	d07-082.png	
-0.43	4.4	47.9	1.57	20.52	-15	d07-085.png	
-1.21	4.14	51.17	0.74	19.17	-15	d07-089.png	
0.54	3.63	58.2	1.22	16.87	-15	d07-093.png	
0.0	7.11	29.55	1.09	16.96	-15	d07-096.png	
-0.83	4.17	50.57	1.44	19.42	-15	d07-100.png	
0.0	4.9	43.04	1.61	22.81	-15	d07-102.png	
0.76	5.18	39.38	3.11	8.29	-15	e01-014.png	
-1.19	4.63	44.95	1.88	21.78	-15	e01-018.png	
-0.23	4.32	48.84	1.79	20.06	-15	e01-022.png	
1.38	3.48	58.89	0.63	16.64	-15	e01-025.png	
0.1	6.39	32.26	1.97	15.5	-15	e01-029.png	
-0.2	6.13	33.77	1.56	9.85	-15	e01-032.png	
-0.52	5.87	35.09	2.36	14.25	-15	e01-035.png	
-1.31	5.32	38.75	2.34	12.89	-15	e01-050.png	
-0.67	3.67	56.12	0.85	8.7	-15	e01-055.png	
-0.38	5.78	35.64	2.3	9.33	-15	e01-059.png	
0.63	5.02	42.22	2.4	23.23	-15	e01-062.png	
0.0	7.65	26.92	2.88	16.62	-15	e01-081.png	
-0.11	4.87	42.5	2.36	22.92	-15	e01-086.png	
0.22	4.47	46.11	1.96	21.23	-15	e01-092.png	
-0.08	4.14	49.75	1.61	19.68	-15	e01-102.png	
-0.45	4.53	45.46	1.38	21.54	-30	e01-107.png	
0.0	5.63	36.21	1.98	9.19	-15	e01-113.png	
-0.05	6.42	32.25	2.35	15.5	-15	e01-119.png	
0.83	4.61	46.0	1.68	21.3	-15	e02-000.png	
1.18	7.53	28.17	2.83	34.79	-15	e02-014.png	
0.1	4.97	43.3	2.11	22.63	-15	e02-018.png	
0.75	5.92	35.8	0.76	13.95	-15	e02-021.png	
-0.32	5.72	37.56	1.55	13.29	-15	e02-025.png	
0.08	6.3	34.42	1.89	14.5	-15	e02-074.png	
-1.91	5.19	41.64	1.22	12.93	-15	e02-082.png	
-0.03	5.57	38.79	2.51	8.57	-15	e02-086.png	
0.66	4.93	43.41	2.51	10.48	-30	e02-091.png	
-0.2	6.28	34.08	5.33	14.64	-15	e02-094.png	
0.22	5.21	41.27	3.19	23.72	-15	e02-100.png	
1.14	6.63	32.56	2.18	15.34	-15	e02-117.png	
-0.26	7.31	29.0	2.72	17.26	-15	e04-000.png	
0.0	6.4	32.96	2.02	15.2	-15	e04-004.png	
-0.59	6.23	33.88	3.78	14.77	-15	e04-008.png	
0.09	4.63	46.04	1.35	21.33	-15	e04-011.png	
0.68	5.09	41.45	1.85	23.66	-15	e04-015.png	
0.0	12.46	17.33	15.59	28.88	-15	e04-019.png	
0.15	6.69	32.3	2.49	15.49	-15	e04-022.png	
-1.14	6.42	33.67	2.66	14.88	-15	e04-026.png	
-1.41	5.78	37.05	2.5	13.51	-15	e04-030.png	
-1.85	5.07	42.59	1.88	23.03	-15	e04-034.png	
0.0	5.55	38.0	2.24	13.18	-15	e04-038.png	
0.0	5.43	38.85	1.63	12.9	-15	e04-043.png	
0.1	5.06	42.12	1.65	23.31	-15	e04-052.png	
-0.78	5.12	41.44	2.47	23.69	-15	e04-058.png	
-0.27	4.94	43.29	1.85	22.66	-15	e04-062.png	
0.0	7.53	28.42	2.5	17.59	-15	e04-068.png	
-0.04	13.01	16.3	14.89	30.71	-15	e04-079.png	
-0.97	7.12	29.76	3.9	16.85	-15	e04-083.png	
-0.11	5.05	42.0	2.42	23.38	-15	e04-086.png	
0.0	7.0	30.13	2.74	16.63	-15	e04-091.png	
0.2	6.08	34.71	2.11	14.43	-15	e04-095.png	
0.0	4.85	43.5	1.97	7.51	-15	e04-099.png	
-0.18	4.46	47.35	1.73	20.76	-15	e04-103.png	
1.09	6.76	31.36	1.5	15.96	-15	e04-109.png	
2.34	5.87	35.97	1.32	13.93	-15	e04-114.png	
-2.24	6.16	34.43	2.27	14.53	-15	e04-119.png	
-0.38	5.09	41.68	2.27	23.58	-15	e04-124.png	
-0.44	5.89	36.0	1.88	13.92	-15	e04-127.png	
-1.06	4.24	50.0	3.31	19.64	-15	e04-132.png	
-0.78	6.61	32.2	2.22	15.56	-15	e06-000.png	
0.57	3.66	57.03	0.38	17.22	-15	e06-003.png	
0.89	7.25	28.97	1.89	17.31	-15	e06-006.png	
0.19	4.57	46.65	1.78	21.05	-15	e06-010.png	
-0.66	4.2	50.25	0.84	19.54	-15	e06-015.png	
-0.4	5.34	39.71	0.87	24.73	-15	e06-021.png	
-0.37	4.04	51.74	0.86	19.02	-15	e06-026.png	
0.33	3.47	61.42	0.62	15.99	-15	e06-030.png	
0.0	3.72	56.46	0.91	17.41	-15	e06-033.png	
0.52	6.58	32.5	1.66	15.4	-15	e06-037.png	
-0.06	7.14	29.97	1.79	16.7	-15	e06-041.png	
0.39	5.5	38.52	2.2	13.02	-15	e06-046.png	
0.0	5.8	36.39	1.3	7.56	-15	e06-049.png	
-1.41	4.11	51.12	0.95	19.19	-15	e06-053.png	
1.02	3.95	53.45	1.21	18.37	-15	e06-070.png	
0.08	6.05	34.87	3.96	14.5	-15	e07-000.png	
0.0	5.27	40.04	1.59	10.95	-15	e07-003.png	
-0.83	4.79	44.44	1.33	22.25	-15	e07-007.png	
-0.48	4.6	45.03	0.93	22.01	-15	e07-012.png	
-2.1	4.98	42.34	1.12	23.43	-15	e07-061.png	
-0.28	5.3	39.09	2.02	25.35	-15	e07-066.png	
-0.55	4.52	45.81	1.18	21.63	-15	e07-072.png	
0.71	4.5	46.23	1.16	21.46	-15	e07-076.png	
0.55	5.69	36.35	1.1	13.91	-15	e07-079.png	
1.42	5.44	37.87	0.81	9.56	-15	e07-083.png	
-0.31	4.17	49.67	1.18	19.93	-15	e07-086.png	
0.0	4.45	46.69	1.14	21.22	-15	e07-090.png	
0.85	4.77	43.63	2.14	22.71	-15	e07-094.png	
0.08	6.51	31.93	1.81	15.88	-15	e07-098.png	
0.11	4.39	47.41	1.49	20.88	-15	e07-101.png	
0.0	5.12	40.65	2.76	24.38	-15	e07-105.png	
0.0	4.59	45.33	1.39	21.86	-15	e07-108.png	
0.0	4.27	49.37	1.77	20.07	-15	e07-112.png	
0.0	5.47	37.63	2.62	8.84	-15	f01-053.png	
-0.11	6.16	33.62	1.96	14.89	-15	f01-058.png	
0.0	3.38	61.0	0.63	16.08	-15	f01-066.png	
0.22	5.21	39.36	1.35	8.78	-15	f01-070.png	
0.25	4.9	45.3	1.48	21.63	-15	f01-075.png	
-8.15	3.06	67.22	1.14	14.59	-15	f01-081.png	
0.0	5.64	37.62	1.37	13.32	-15	f01-085.png	
-0.32	4.09	50.32	0.57	19.49	-15	f01-135.png	
1.37	5.93	34.73	1.87	14.4	-15	f01-139.png	
-0.48	6.88	29.81	2.21	16.79	-15	f01-143.png	
-0.23	4.69	45.86	1.69	10.69	-15	f01-147.png	
-0.12	4.99	42.7	2.03	22.97	-15	f02-000.png	
1.15	7.59	28.44	4.05	17.58	-15	f02-003.png	
0.06	4.28	50.0	1.59	19.6	-15	f02-017.png	
0.36	5.62	37.33	2.31	13.39	-15	f02-020.png	
-0.18	5.99	35.73	2.3	13.99	-15	f02-030.png	
0.0	5.88	34.89	0.58	14.34	-15	f02-033.png	
-1.94	5.09	41.82	0.88	23.43	-15	f02-036.png	
1.84	7.9	26.97	2.2	18.56	-15	f02-038.png	
-0.08	7.67	27.23	1.16	18.4	-15	f02-040.png	
-0.42	4.88	42.83	0.8	22.93	-15	f02-044.png	
0.12	7.06	29.89	8.63	16.73	-15	f02-076.png	
-1.42	4.69	43.71	1.51	22.42	-15	f03-169.png	
1.64	4.58	45.59	2.34	21.54	-15	f03-174.png	
-0.43	7.17	28.85	2.33	17.35	-15	f03-182.png	
-0.76	4.78	43.27	1.72	9.71	-15	f03-191.png	
0.0	3.36	62.53	1.18	15.71	-15	f04-004.png	
-2.18	5.47	38.58	2.53	13.0	-15	f04-007.png	
0.74	4.02	52.73	0.49	18.64	-15	f04-011.png	
1.75	4.43	47.67	1.26	20.62	-15	f04-016.png	
0.37	4.88	43.45	1.98	22.62	-15	f04-020.png	
0.64	5.82	36.27	2.24	13.83	-15	f04-024.png	
0.85	4.13	51.04	0.82	19.24	-15	f04-028.png	
-0.15	5.97	35.36	2.33	14.18	-15	f04-032.png	
-0.34	8.0	26.5	4.43	18.92	-15	f04-035.png	
0.05	6.59	32.0	2.8	12.84	-15	f04-039.png	
1.21	6.87	30.84	3.42	16.24	-15	f04-043.png	
0.43	8.03	26.39	3.27	18.98	-15	f04-046.png	
0.7	7.51	28.23	2.53	17.75	-15	f04-049.png	
-0.1	5.88	35.71	2.45	14.03	-15	f04-053.png	
-1.83	5.84	36.32	1.54	13.81	-15	f04-057.png	
-0.84	6.55	32.23	3.31	15.53	-15	f04-061.png	
-0.3	6.2	34.21	2.15	14.66	-15	f04-064.png	
-0.47	7.33	28.77	3.09	17.43	-15	f04-068.png	
0.24	6.75	31.26	1.67	16.03	-15	f04-071.png	
-0.43	3.98	53.0	0.63	18.53	-15	f04-074.png	
0.65	3.95	53.44	0.94	18.38	-15	f04-079.png	
0.08	5.85	35.92	2.0	13.95	-15	f04-083.png	
-0.21	6.18	34.0	4.44	9.81	-15	f04-087.png	
-0.94	4.22	50.05	1.46	9.8	-15	f04-093.png	
0.41	4.65	45.55	0.96	21.56	-15	f04-096.png	
0.88	3.84	54.91	1.14	17.88	-15	f04-100.png	
0.29	6.06	34.81	2.68	14.51	-15	f07-000.png	
-0.36	5.24	39.3	1.2	25.24	-15	f07-000b.png	
0.0	3.99	51.58	0.63	19.23	-15	f07-002.png	
-0.76	3.19	65.21	1.1	15.21	-15	f07-006.png	
0.94	3.03	68.38	0.58	14.51	-15	f07-009.png	
-0.67	4.31	47.58	0.76	20.83	-15	f07-013.png	
-0.53	4.01	51.12	0.54	19.4	-15	f07-016.png	
-0.14	4.98	42.57	1.97	11.92	-15	f07-019a.png	
0.0	4.2	48.82	0.57	20.3	-15	f07-019b.png	
-0.13	5.82	36.23	2.32	27.36	-15	f07-021a.png	
-0.6	3.94	52.0	1.08	19.06	-15	f07-021b.png	
-0.12	6.04	34.96	2.17	28.38	-15	f07-024a.png	
1.64	5.63	36.59	1.09	27.09	-15	f07-024b.png	
-0.15	5.81	36.29	1.61	13.96	-15	f07-028a.png	
-1.46	4.16	50.04	0.85	19.83	-15	f07-028b.png	
-0.19	4.69	44.56	1.38	22.26	-15	f07-032a.png	
-0.21	4.18	49.71	0.68	19.94	-15	f07-032b.png	
0.7	4.4	47.29	1.62	20.98	-15	f07-036.png	
1.0	5.13	41.12	2.95	9.77	-15	f07-039a.png	
0.79	4.03	51.41	1.3	19.3	-15	f07-039b.png	
-1.87	5.72	36.92	1.94	26.84	-15	f07-042a.png	
-0.45	5.63	36.57	2.39	27.12	-15	f07-042b.png	
-0.55	4.07	51.61	1.26	19.22	-15	f07-046a.png	
0.54	3.62	56.56	1.87	17.52	-15	f07-046b.png	
-0.2	4.97	41.85	1.3	23.7	-15	f07-069.png	
0.19	4.8	43.38	1.5	22.85	-15	f07-073.png	
0.25	6.26	34.19	1.38	29.02	-15	f07-076a.png	
-1.82	4.95	42.22	1.68	23.47	-15	f07-081a.png	
-0.1	4.64	44.81	2.62	22.11	-15	f07-081b.png	
-0.1	6.33	33.65	1.32	15.02	-15	f07-084a.png	
-0.18	4.97	41.62	1.97	23.81	-15	f07-084b.png	
-0.17	4.89	42.29	1.61	11.99	-15	f07-088a.png	
0.23	3.18	66.0	1.32	15.02	-15	f07-088b.png	
0.19	5.64	37.78	1.99	13.42	-15	f07-092a.png	
0.3	4.49	45.9	2.61	21.59	-15	f07-092b.png	
0.0	4.34	47.43	1.81	20.89	-15	f07-096.png	
-0.07	5.17	40.6	3.27	24.43	-15	f07-101a.png	
0.76	4.98	41.33	2.09	24.0	-15	f07-101b.png	
0.0	5.0	42.22	1.67	8.25	180	g01-000.png	
-0.48	4.99	41.88	2.87	23.55	180	g01-004.png	
0.48	5.99	35.72	1.9	14.12	180	g01-008.png	
-0.92	4.96	43.33	1.49	11.64	180	g01-012.png	
0.0	4.76	45.35	1.48	11.14	180	g01-016.png	
1.02	4.31	50.31	0.61	19.62	180	g01-019.png	
-0.3	7.46	28.95	3.06	17.41	180	g01-022.png	
0.32	6.43	33.6	2.85	11.1	180	g01-025.png	
0.0	8.56	25.36	8.28	14.89	180	g01-027.png	
0.12	6.15	35.12	1.84	14.35	180	g01-031.png	
0.57	6.39	33.79	3.03	14.93	180	g01-034.png	
0.37	7.11	30.1	3.1	16.78	180	g01-037.png	
0.5	4.88	44.45	1.01	11.35	180	g01-039.png	
0.17	4.64	46.36	1.0	21.27	180	g01-043.png	
-0.03	4.74	45.59	0.96	7.19	180	g01-045.png	
1.84	4.24	50.91	1.31	19.37	180	g01-067.png	
2.41	4.71	45.39	1.48	11.11	180	g01-070.png	
-1.11	4.83	44.48	1.33	11.34	180	g01-074.png	
1.42	3.89	55.73	0.8	17.39	180	g01-083.png	
-4.17	3.56	60.96	0.77	16.21	180	g01-088.png	
-0.25	5.95	35.45	1.36	14.23	-5	g02-059.png	
0.0	5.15	40.58	1.66	12.43	-5	g02-062.png	
0.15	5.95	35.29	1.16	14.22	-5	g02-065.png	
0.12	5.75	36.72	2.92	9.15	180	g02-073.png	
0.95	4.08	51.43	1.4	19.21	180	g03-000.png	
0.98	4.21	49.93	2.46	19.77	-5	g03-004.png	
-1.03	2.92	71.35	0.82	13.83	180	g03-016.png	
2.92	5.53	37.59	1.59	13.43	-5	g03-032.png	
-1.02	3.9	53.85	0.86	18.33	180	g03-040.png	
-2.77	2.27	93.56	0.21	5.08	180	g03-043.png	
1.15	4.18	50.52	1.23	10.72	180	g03-049.png	
-0.54	3.45	60.54	0.79	16.3	180	g03-052.png	
0.11	9.98	21.04	3.93	23.93	180	g03-058.png	
0.0	11.79	17.56	15.39	28.65	180	g03-064.png	
0.2	5.13	40.77	1.88	12.39	180	g04-003.png	
-0.09	5.17	41.24	2.69	12.25	180	g04-007.png	
0.0	7.66	27.67	2.12	18.25	180	g04-011.png	
-0.08	7.39	28.42	6.58	11.82	180	g04-014.png	
-0.18	5.16	41.08	1.42	12.29	180	g04-017.png	
0.5	4.9	42.88	1.41	11.78	180	g04-022.png	
-0.46	3.71	56.58	1.41	17.46	180	g04-026.png	
0.0	6.36	33.0	2.41	15.32	180	g04-032.png	
-0.27	5.42	38.95	2.02	12.96	180	g04-036.png	
0.07	8.69	24.4	2.03	20.7	180	g04-039.png	
0.15	8.52	24.77	2.48	20.39	180	g04-043.png	
-0.21	8.05	26.33	2.64	19.18	-5	g04-048.png	
0.82	5.73	36.83	2.13	11.71	180	g04-052.png	
-0.26	5.26	40.28	1.57	10.74	180	g04-055.png	
-0.24	7.66	27.54	2.99	18.34	180	g04-060.png	
0.0	7.16	29.48	2.51	14.63	180	g04-063.png	
1.04	5.37	38.93	1.29	12.97	180	g04-068.png	
0.57	5.0	42.04	1.57	10.2	180	g04-072.png	
0.0	6.53	32.32	3.21	13.3	180	g04-077.png	
-0.18	7.89	26.73	5.46	16.21	180	g04-081.png	
0.0	6.54	32.12	1.53	13.5	180	g04-088.png	
0.0	6.02	34.89	1.75	12.32	180	g04-092.png	
-0.09	4.95	43.26	1.6	11.67	180	g04-095.png	
-0.44	4.36	48.17	1.99	20.51	180	g04-098.png	
0.0	6.36	33.0	2.73	15.3	180	g04-101.png	
1.25	5.04	42.04	1.68	12.01	180	g04-104.png	
0.0	9.58	22.23	7.95	22.69	180	g04-108.png	
-0.74	3.96	52.47	2.28	18.75	-5	g05-087.png	
0.0	5.52	37.5	2.14	13.43	180	g05-094.png	
0.08	5.74	36.26	2.1	13.89	-5	g05-098.png	
1.07	4.71	44.63	1.15	6.17	-15	g06-011a.png	
-0.16	4.07	51.13	0.63	19.3	-15	g06-011b.png	
0.5	7.02	29.94	1.79	16.79	-15	g06-011c.png	
0.18	4.36	48.22	1.33	10.2	-15	g06-011e.png	
0.26	9.59	21.69	3.12	15.4	-15	g06-011f.png	
-0.04	4.19	49.85	1.65	19.76	-15	g06-011g.png	
0.0	4.86	43.38	1.49	22.73	-15	g06-011h.png	
-0.12	5.58	37.46	1.66	13.41	-15	g06-011i.png	
-0.16	5.32	39.27	0.65	12.79	-15	g06-011j.png	
-0.12	4.12	51.42	1.1	19.16	-15	g06-011k.png	
-0.48	5.11	41.1	2.15	23.94	-15	g06-011l.png	
-0.69	3.83	54.24	0.94	18.14	-15	g06-011m.png	
-0.75	4.62	45.0	1.5	21.87	-15	g06-011n.png	
-1.82	3.01	70.18	0.68	14.02	-15	g06-011o.png	
0.0	5.25	40.0	1.31	24.6	-15	g06-011p.png	
0.2	4.86	43.41	1.71	22.65	-15	g06-011r.png	
0.0	5.61	37.46	1.88	13.43	-15	g06-018a.png	
1.15	4.08	50.92	1.03	19.34	-15	g06-018b.png	
0.0	7.0	30.0	6.19	16.77	-15	g06-018c.png	
0.69	6.26	33.89	1.83	14.81	-15	g06-018d.png	
0.69	5.09	40.45	1.91	12.42	-15	g06-018e.png	
0.95	5.48	38.17	2.77	13.17	-15	g06-018f.png	
0.0	4.44	47.72	2.08	20.62	-15	g06-018g.png	
0.04	5.76	36.09	2.18	13.92	-15	g06-018h.png	
0.34	5.75	36.19	2.4	13.86	-15	g06-018i.png	
0.25	4.48	46.87	1.4	20.99	-15	g06-018j.png	
0.0	5.27	40.04	1.77	8.36	-15	g06-018k.png	
0.35	5.67	36.68	2.71	13.7	-15	g06-018l.png	
0.14	4.81	43.48	1.83	22.63	-15	g06-018m.png	
-1.31	4.57	45.71	2.33	21.53	-15	g06-018n.png	
0.0	3.9	53.57	1.1	18.35	-15	g06-018o.png	
0.19	5.58	37.25	1.9	13.48	-15	g06-018p.png	
0.0	5.76	36.62	2.37	13.71	-15	g06-018r.png	
-0.35	4.28	48.57	2.81	20.3	-15	g06-026a.png	
-0.39	3.81	54.58	1.5	18.05	-15	g06-026b.png	
0.23	6.16	34.07	4.43	14.73	-15	g06-026c.png	
0.66	3.82	56.0	2.56	17.59	-15	g06-026d.png	
0.2	4.83	43.5	3.25	22.62	-15	g06-026e.png	
0.54	6.29	32.75	3.94	15.36	-15	g06-026f.png	
0.0	4.47	47.0	3.02	20.98	-15	g06-026g.png	
0.0	5.06	41.88	2.71	23.47	-15	g06-026h.png	
0.04	5.73	36.44	3.03	13.77	-15	g06-026i.png	
0.0	4.33	48.45	1.67	20.31	-15	g06-026j.png	
0.04	4.6	45.67	2.24	7.83	-15	g06-026k.png	
0.0	6.22	33.76	3.51	14.87	-15	g06-026l.png	
0.0	4.34	48.11	2.05	20.43	-15	g06-026m.png	
-0.08	3.27	63.53	1.4	15.49	-15	g06-026n.png	
0.72	3.68	56.47	1.41	17.41	-15	g06-026o.png	
-0.77	4.28	48.6	2.55	20.23	-15	g06-026p.png	
0.34	4.9	43.08	3.62	22.82	-15	g06-026r.png	
0.44	5.01	41.52	1.71	23.75	-15	g06-031a.png	
-1.45	4.34	47.96	1.25	20.54	-15	g06-031b.png	
0.0	6.23	33.57	2.67	14.97	-15	g06-031c.png	
0.56	4.79	43.86	1.68	22.43	-15	g06-031d.png	
-0.19	4.52	45.79	1.97	21.51	-15	g06-031e.png	
0.88	6.07	34.45	2.75	14.59	-15	g06-031f.png	
0.0	5.14	41.05	2.07	23.97	-15	g06-031g.png	
0.28	5.92	35.33	2.05	14.19	-15	g06-031h.png	
0.5	6.19	33.45	2.87	15.01	-15	g06-031i.png	
0.0	4.25	49.19	1.1	20.0	-15	g06-031j.png	
0.0	5.23	39.79	1.39	12.62	-15	g06-031k.png	
0.0	6.19	33.77	2.48	14.86	-15	g06-031l.png	
-0.1	7.02	29.62	1.73	16.96	-15	g06-031m.png	
0.06	3.96	52.31	0.76	18.79	-15	g06-031n.png	
1.61	3.94	52.8	0.96	18.62	-15	g06-031o.png	
0.0	4.81	43.68	1.73	22.5	-15	g06-031p.png	
0.0	5.42	38.56	2.73	13.01	-15	g06-031r.png	
-0.08	4.94	42.32	0.97	23.25	-15	g06-037b.png	
0.72	6.37	33.14	1.79	15.15	-15	g06-037c.png	
0.55	4.61	46.44	1.23	21.19	-15	g06-037d.png	
0.46	4.85	42.85	1.32	22.97	-15	g06-037e.png	
0.68	5.6	37.17	1.9	9.0	-15	g06-037f.png	
0.09	5.47	38.22	1.56	13.15	-15	g06-037g.png	
0.0	5.82	35.58	1.24	14.11	-15	g06-037h.png	
0.05	6.42	32.38	1.76	15.49	-15	g06-037i.png	
1.4	5.26	39.77	0.86	12.62	-15	g06-037j.png	
-0.11	5.06	41.29	1.08	12.17	-15	g06-037k.png	
-1.32	6.4	32.52	2.18	15.44	-15	g06-037l.png	
0.0	4.51	46.57	0.89	21.13	-15	g06-037m.png	
-0.28	5.11	40.55	0.93	24.24	-15	g06-037n.png	
1.32	3.71	56.39	0.7	17.43	-15	g06-037o.png	
0.0	5.8	36.03	1.35	13.93	-15	g06-037p.png	
0.1	5.79	36.08	1.98	13.9	-15	g06-037r.png	
-0.63	4.9	43.47	2.5	22.66	-15	g06-042a.png	
0.07	5.26	40.12	1.69	24.55	-15	g06-042b.png	
0.0	6.73	31.67	4.45	15.85	-15	g06-042c.png	
0.73	5.43	39.44	3.1	12.73	-15	g06-042d.png	
0.26	5.63	36.78	2.91	13.65	-15	g06-042e.png	
0.45	6.27	33.2	4.2	15.15	-15	g06-042f.png	
0.0	5.06	40.71	2.84	24.17	-15	g06-042g.png	
-1.76	6.84	30.57	3.03	16.42	-15	g06-042h.png	
0.48	7.14	29.12	4.23	17.22	-15	g06-042i.png	
0.22	4.49	46.31	2.49	21.25	-15	g06-042j.png	
0.03	4.19	49.88	2.16	19.73	-15	g06-042k.png	
0.0	6.83	30.59	3.98	16.4	-15	g06-042l.png	
-0.37	6.47	32.43	2.47	15.46	-15	g06-042m.png	
0.48	4.42	47.05	1.75	20.89	-15	g06-042n.png	
-0.05	3.88	54.31	1.98	18.1	-15	g06-042o.png	
0.12	5.72	36.37	2.75	13.8	-15	g06-042p.png	
0.48	6.82	30.94	4.23	16.21	-15	g06-042r.png	
1.52	4.99	42.05	2.24	23.42	-15	g06-045a.png	
0.31	4.38	48.36	1.43	20.37	-15	g06-045b.png	
0.29	6.69	31.37	3.35	16.04	-15	g06-045c.png	
0.62	5.79	36.82	2.2	13.63	-15	g06-045d.png	
0.0	5.92	35.45	2.32	14.16	-15	g06-045e.png	
1.35	5.48	37.78	2.81	13.3	-15	g06-045f.png	
0.0	6.73	31.82	2.76	15.78	-15	g06-045g.png	
0.09	5.47	37.84	2.6	13.27	-15	g06-045h.png	
0.91	6.77	30.85	3.19	16.27	-15	g06-045i.png	
0.0	5.44	38.21	1.43	13.15	-15	g06-045j.png	
0.0	4.63	45.1	1.82	21.82	-15	g06-045k.png	
0.85	6.99	29.77	2.95	16.86	-15	g06-045l.png	
-0.08	5.45	38.52	1.38	13.02	-15	g06-045m.png	
3.24	4.29	48.05	1.45	20.46	-15	g06-045n.png	
-0.08	5.1	41.2	1.51	23.83	-15	g06-045o.png	
0.27	7.05	29.63	2.24	16.93	-15	g06-045p.png	
1.78	6.31	33.26	3.09	15.09	-15	g06-045r.png	
0.1	5.63	37.5	2.14	13.41	-15	g06-047a.png	
-0.11	5.23	40.17	1.68	12.38	-15	g06-047b.png	
0.0	5.79	36.3	2.57	13.86	-15	g06-047c.png	
0.21	5.56	37.95	2.41	13.23	-15	g06-047d.png	
0.83	5.1	41.0	2.32	24.0	-15	g06-047e.png	
0.08	6.11	34.37	2.96	14.62	-15	g06-047f.png	
0.21	4.61	45.56	2.55	21.6	-15	g06-047g.png	
0.0	6.08	34.86	2.53	14.39	-15	g06-047h.png	
-0.05	7.41	28.22	2.99	17.79	-15	g06-047i.png	
0.8	5.63	37.12	1.68	13.53	-15	g06-047j.png	
0.0	4.99	42.08	1.65	10.13	-15	g06-047k.png	
-0.23	5.93	35.05	2.89	14.31	-15	g06-047l.png	
0.0	4.28	48.61	1.37	20.24	-15	g06-047m.png	
0.0	5.81	35.97	1.38	13.94	-15	g06-047n.png	
-1.01	3.43	60.9	1.12	16.14	-15	g06-047o.png	
0.15	4.81	43.45	2.01	22.62	-15	g06-047p.png	
-0.13	5.14	40.44	2.55	24.3	-15	g06-047r.png	
-2.45	4.24	49.95	1.73	19.72	-15	g06-050a.png	
0.0	3.96	52.21	1.61	18.89	-15	g06-050b.png	
-1.07	4.94	41.94	2.43	23.48	-15	g06-050c.png	
0.15	3.69	57.53	1.65	17.09	-15	g06-050d.png	
0.31	4.12	50.44	1.85	19.51	-15	g06-050e.png	
0.47	4.15	49.87	2.46	19.73	-15	g06-050f.png	
0.0	4.53	46.78	2.13	21.04	-15	g06-050g.png	
-0.9	5.84	36.13	2.12	13.88	-15	g06-050h.png	
0.19	5.75	36.19	2.41	13.87	-15	g06-050i.png	
-0.77	5.37	38.95	2.02	12.87	-15	g06-050j.png	
0.0	4.51	46.52	1.12	21.17	-15	g06-050k.png	
0.32	7.23	29.03	1.7	17.28	-15	g06-050l.png	
-0.16	3.88	53.35	1.15	18.43	-15	g06-050m.png	
-0.29	2.92	71.28	1.02	13.79	-15	g06-050n.png	
0.74	3.91	53.2	0.95	18.48	-15	g06-050o.png	
0.0	5.27	39.88	1.6	12.59	-15	g06-050p.png	
0.32	4.63	45.19	2.58	21.73	-15	g06-050r.png	
0.22	7.85	26.87	3.19	18.74	-15	g06-089.png	
0.0	7.42	28.57	3.32	17.61	-15	g06-093.png	
-0.15	6.88	30.82	3.95	16.32	-15	g06-096.png	
-0.16	7.15	29.5	3.88	17.03	-15	g06-101.png	
-0.18	5.81	36.47	3.74	13.79	-15	g06-105.png	
-0.13	7.64	27.63	3.93	18.19	-15	g06-109.png	
-0.17	7.98	26.43	6.0	19.01	-15	g06-115.png	
0.14	5.36	39.92	1.71	24.73	-15	g07-000a.png	
-0.88	4.04	50.93	0.81	19.38	-15	g07-000b.png	
-0.16	5.61	37.26	1.58	13.53	-15	g07-003a.png	
2.02	6.25	32.97	1.39	29.97	-15	g07-003b.png	
0.0	5.14	41.48	1.73	23.8	-15	g07-007a.png	
-0.22	5.3	38.85	2.41	25.38	-15	g07-007b.png	
-0.5	5.11	40.5	1.33	24.37	-15	g07-010b.png	
0.0	5.92	35.84	1.95	27.54	-15	g07-014.png	
0.0	4.72	43.46	3.6	22.71	-15	g07-014b.png	
-0.49	4.76	43.74	1.14	22.56	-15	g07-018a.png	
1.94	4.56	46.52	1.49	21.22	-15	g07-022a.png	
0.55	3.68	56.25	1.31	17.53	-15	g07-022b.png	
2.1	3.74	56.2	1.34	17.58	-15	g07-026a.png	
-0.08	3.76	55.12	0.89	17.91	-15	g07-026b.png	
3.56	5.87	36.09	2.32	27.35	-15	g07-028a.png	
-0.08	5.04	41.09	1.75	11.99	-15	g07-028b.png	
0.0	5.24	39.5	1.53	25.01	-15	g07-030.png	
2.66	4.13	50.31	2.23	19.62	-15	g07-034.png	
-0.39	4.67	44.07	1.18	22.39	-15	g07-038.png	
-1.26	4.56	45.18	1.61	21.82	-15	g07-042.png	
-0.07	4.65	44.32	1.09	22.29	-15	g07-044.png	
-0.06	5.2	39.64	0.99	24.9	-15	g07-047.png	
-1.06	4.29	48.0	1.85	20.56	-15	g07-050.png	
0.58	6.48	32.7	6.94	30.21	-15	g07-065.png	
-0.1	8.23	25.88	11.55	15.77	-15	g07-069a.png	
-1.14	4.72	44.25	1.1	11.15	-15	g07-071a.png	
0.0	5.0	42.22	1.28	23.38	-15	g07-074a.png	
-1.39	3.98	52.56	2.09	9.39	-15	g07-077a.png	
1.49	3.59	58.28	0.79	16.94	-15	g07-079a.png	
0.74	6.21	33.82	2.49	14.84	-15	g07-084.png	
0.05	4.02	53.5	1.02	18.43	180	h01-000.png	
-0.35	5.16	41.89	2.43	12.04	180	h01-004.png	
0.53	4.13	51.77	1.27	19.03	180	h01-007.png	
-0.92	5.64	38.5	1.59	13.09	180	h01-010.png	
0.11	6.11	35.37	1.44	14.25	180	h01-014.png	
0.71	4.87	44.33	2.25	9.15	180	h01-018.png	
0.05	4.09	52.86	1.34	18.64	-5	h01-024.png	
0.0	3.76	58.28	0.78	16.88	180	h01-027.png	
0.22	4.49	47.39	0.76	20.79	-5	h01-030.png	
-0.25	5.44	38.39	1.41	13.11	180	h02-004.png	
-0.15	9.28	22.62	2.37	22.28	180	h02-008.png	
0.43	5.09	41.64	1.49	12.1	180	h02-012.png	
0.0	4.78	43.72	2.29	6.4	180	h02-017.png	
-1.01	7.15	29.24	1.11	13.15	-5	h02-019.png	
0.55	5.93	35.42	2.05	14.23	-5	h02-022.png	
-1.33	7.06	29.45	3.4	17.11	180	h02-024.png	
-0.43	5.79	36.12	1.99	13.94	180	h02-028.png	
0.0	5.72	36.54	1.53	13.82	-5	h02-035.png	
-2.5	5.13	40.92	0.77	12.3	-5	h02-037.png	
-1.23	4.09	50.88	0.96	19.36	180	h02-040.png	
-1.37	4.87	43.1	1.86	7.77	180	h02-043.png	
0.13	5.83	35.86	2.4	14.05	180	h02-049.png	
-0.26	7.24	29.28	1.33	17.23	180	h04-000.png	
-1.98	6.53	32.0	2.0	15.77	180	h04-007.png	
0.18	6.35	33.24	2.12	15.16	180	h04-021.png	
0.7	5.31	39.58	1.72	12.75	180	h04-025.png	
0.0	4.79	43.88	0.74	11.5	-5	h04-028.png	
-0.33	6.21	34.0	2.31	12.73	180	h04-035.png	
-0.45	6.13	34.4	2.76	12.6	180	h04-049.png	
0.0	7.88	26.66	1.55	16.28	180	h04-052.png	
-0.26	8.04	26.23	2.29	19.21	180	h04-055.png	
0.0	5.81	36.12	1.99	13.95	180	h04-057.png	
0.13	6.93	30.44	1.66	16.56	180	h04-061.png	
-0.6	5.66	37.65	2.44	13.4	180	h04-071.png	
1.0	4.43	47.82	1.46	20.62	180	h04-074.png	
0.38	9.54	22.11	3.34	22.77	180	h04-078.png	
-1.71	7.09	29.76	1.35	16.94	180	h04-082.png	
0.0	5.16	40.5	2.19	12.42	180	h05-012.png	
0.16	7.12	29.23	3.03	17.19	-15	h06-000.png	
-0.08	6.51	32.26	2.49	15.55	-15	h06-003.png	
-0.63	5.21	40.71	1.65	24.2	-15	h06-079.png	
1.52	4.73	44.14	0.68	22.31	-15	h06-082.png	
0.61	4.85	43.13	0.94	22.82	-15	h06-085.png	
0.87	4.97	42.25	0.75	23.29	-15	h06-089.png	
1.68	5.47	38.61	1.03	13.02	-15	h06-092.png	
1.56	4.87	42.95	1.87	22.91	-15	h06-096.png	
0.34	6.63	31.37	3.36	31.43	-15	h07-000.png	
-0.43	6.72	30.63	1.83	32.15	-15	h07-003.png	
-0.45	5.71	36.08	2.0	27.33	-15	h07-007.png	
0.0	5.74	36.06	3.24	27.32	-15	h07-011.png	
-2.75	3.08	66.48	0.86	14.82	-15	h07-013.png	
-0.2	4.41	46.72	0.92	21.08	-15	h07-017.png	
-0.35	3.22	63.9	1.03	15.41	-15	h07-020.png	
0.11	3.36	61.26	1.23	16.09	-15	h07-023.png	
-0.17	4.99	41.52	1.02	23.75	-15	h07-025.png	
-0.73	4.17	49.37	0.95	19.95	-15	h07-025a.png	
1.42	5.41	39.0	1.38	25.28	-15	h07-028.png	
-0.31	4.03	50.6	1.64	8.83	-15	h07-028a.png	
-0.2	5.33	39.8	1.61	24.77	-15	h07-030.png	
-0.27	4.76	43.07	1.2	11.43	-15	h07-030a.png	
0.0	4.45	47.39	1.38	20.81	-15	h07-033.png	
-0.21	4.26	48.8	1.13	20.18	-15	h07-033a.png	
0.2	4.66	45.05	1.62	21.91	-15	h07-037.png	
-1.66	4.13	49.41	2.1	19.95	-15	h07-037a.png	
-1.45	5.76	36.83	1.43	26.77	-45	h07-040.png	
-0.8	4.26	48.4	1.15	20.35	-15	h07-040b.png	
-0.11	5.45	38.54	1.88	25.09	-45	h07-044a.png	
-0.12	4.34	47.65	1.38	10.31	-15	h07-051b.png	
-0.45	3.99	52.09	1.27	18.91	-15	h07-054a.png	
-0.63	4.32	47.86	1.47	20.58	-15	h07-057a.png	
0.13	5.16	40.88	1.65	24.1	-15	h07-060a.png	
-0.18	3.64	56.25	0.93	17.51	-15	h07-060b.png	
1.06	3.99	52.18	1.26	18.9	-15	h07-063a.png	
0.05	3.53	58.56	0.77	16.82	-15	h07-063b.png	
-0.19	4.36	48.81	2.33	20.18	-15	h07-066a.png	
-1.53	3.24	63.56	1.27	15.48	-15	h07-066b.png	
-1.95	5.38	38.88	3.18	25.34	-15	h07-069.png	
-0.07	3.31	62.53	1.77	15.75	-15	h07-069a.png	
-0.77	4.33	47.12	1.3	20.9	-15	h07-071.png	
-0.54	3.35	61.58	0.76	15.99	-15	h07-071a.png	
-1.5	4.98	41.55	2.13	23.73	-15	h07-075.png	
-0.61	3.32	62.4	1.08	15.8	-15	h07-075a.png	
0.16	5.25	40.17	1.7	24.55	-45	h07-078.png	
-1.47	3.48	58.92	0.84	16.72	-15	h07-078a.png	
-1.04	4.22	48.79	1.22	20.21	-15	h07-080.png	
-0.72	3.86	53.1	0.63	18.55	-15	h07-080a.png	
-1.13	3.56	57.83	0.87	17.03	-15	h07-084.png	
0.0	5.36	38.44	6.51	25.62	-15	h07-087.png	
-0.74	6.26	34.04	2.04	28.94	-15	j01-042.png	
0.06	6.52	32.23	2.09	15.64	-15	j01-045.png	
0.64	10.12	21.24	3.2	23.7	-15	j01-049.png	
0.71	7.2	29.7	2.82	16.92	-15	j01-059.png	
-0.21	6.0	35.17	2.2	9.51	-15	j01-063.png	
0.49	4.85	43.52	1.27	11.57	-15	j01-066.png	
0.0	20.27	10.46	4.39	10.11	-15	j01-070.png	
-0.42	5.01	41.89	1.29	12.04	-15	j04-008.png	
0.42	8.85	23.84	3.34	21.16	-15	j04-012.png	
0.94	5.32	39.46	1.73	12.79	-15	j04-015.png	
0.24	6.13	34.1	1.62	14.79	-15	j04-019.png	
-0.13	5.44	38.77	1.57	13.0	-15	j04-024.png	
0.44	6.71	31.44	2.29	16.06	-15	j04-035.png	
0.1	6.84	30.85	2.23	16.37	-15	j04-039.png	
0.17	6.27	33.84	1.47	14.89	-15	j04-046.png	
-0.5	8.1	26.3	3.92	19.18	-15	j04-053.png	
0.23	8.02	26.3	3.92	19.18	-15	j04-061.png	
-0.33	8.11	26.27	2.79	19.19	-15	j04-065.png	
0.0	4.6	45.84	1.26	21.51	-15	j04-070.png	
0.16	5.66	37.48	2.29	13.45	-15	j04-076.png	
0.0	7.86	27.36	2.78	18.42	-15	j04-080.png	
0.98	8.74	24.7	4.24	20.4	-15	j04-094.png	
2.15	5.76	36.43	1.37	8.12	-15	j04-098.png	
0.21	7.53	28.3	3.57	17.81	-15	j04-103.png	
0.55	6.55	32.8	1.63	15.37	-15	j04-111.png	
0.26	6.72	31.7	2.55	15.9	-15	j04-115.png	
0.0	4.59	45.79	1.02	11.12	-15	j06-000.png	
0.66	5.88	36.07	1.39	14.1	-15	j06-005.png	
1.17	5.21	39.72	1.25	12.8	-15	j06-008.png	
0.0	4.48	47.06	0.62	7.69	-15	j06-014.png	
1.68	5.37	39.51	0.87	12.87	-15	j06-018.png	
1.39	6.13	34.41	1.03	14.78	-15	j06-022.png	
4.47	5.57	38.03	0.95	13.36	-15	j06-026.png	
-1.12	6.48	32.57	1.84	11.69	-15	j06-030.png	
1.11	5.44	38.42	1.04	13.22	-15	j06-034.png	
-0.41	5.11	41.1	1.17	12.37	-15	j06-051.png	
-1.16	5.1	41.2	2.14	12.34	-15	j06-056.png	
0.54	4.83	42.42	2.22	23.43	-15	j07-000.png	
-0.75	3.1	66.45	0.95	14.96	-15	j07-005.png	
-0.48	4.96	41.35	2.69	24.04	-15	j07-009.png	
-0.43	4.85	42.24	1.93	23.53	-15	j07-012.png	
-0.31	5.23	40.32	2.39	24.66	-15	j07-015.png	
-0.05	8.35	27.07	2.55	18.63	180	k01-051.png	
0.86	5.05	41.0	2.95	12.3	180	k02-018.png	
0.0	3.92	53.11	2.2	18.55	180	k02-023.png	
0.15	7.34	28.47	4.65	17.72	180	k02-029.png	
0.24	5.44	38.26	2.56	13.17	180	k02-036.png	
-0.24	5.2	40.0	2.47	12.59	180	k02-053.png	
-0.4	3.4	60.95	1.38	16.16	180	k02-062.png	
0.0	6.41	32.44	2.01	10.36	180	k02-067.png	
1.29	5.06	40.9	2.74	12.32	180	k02-076.png	
0.06	5.15	40.38	3.01	12.47	180	k02-093.png	
0.1	4.76	43.71	2.33	11.53	180	k02-097.png	
1.49	6.36	32.55	3.7	15.47	180	k02-102.png	
1.39	6.18	33.47	3.07	15.04	180	k02-112.png	
0.0	5.8	35.86	1.37	14.05	180	k02-117.png	
0.27	5.49	37.33	1.57	13.49	-5	k03-117.png	
0.17	6.97	29.68	3.59	16.98	-5	k03-138.png	
0.0	6.43	32.49	1.31	15.5	-5	k03-144.png	
-0.06	4.71	40.09	1.94	12.57	180	k03-152.png	
0.38	5.4	38.36	3.82	13.14	180	k03-157.png	
-0.06	7.93	26.12	2.81	19.3	180	k03-164.png	
0.0	5.74	35.89	3.01	9.34	-5	k03-180.png	
-0.15	5.52	38.22	2.76	13.2	180	k04-000.png	
-0.31	5.21	40.53	2.36	12.46	180	k04-005.png	
-0.2	5.08	41.12	0.97	12.27	180	k04-010.png	
-1.38	4.81	44.3	1.92	22.28	180	k04-014.png	
-0.53	7.05	29.91	1.47	16.86	180	k04-017.png	
1.13	5.91	37.24	1.78	13.55	180	k04-022.png	
0.22	9.3	22.69	3.39	14.82	180	k04-028.png	
1.13	6.09	34.65	2.25	14.57	180	k04-033.png	
-0.72	4.36	48.35	1.68	20.41	-5	k04-039.png	
-0.31	5.32	39.88	3.06	12.65	180	k04-050.png	
0.28	5.41	39.0	1.76	12.95	180	k04-054.png	
0.44	5.08	41.11	2.31	12.27	180	k04-057.png	
0.22	6.73	31.52	1.65	16.01	-15	k04-061.png	
-0.26	7.79	26.84	4.07	18.8	180	k04-064.png	
-1.01	5.6	37.52	2.28	13.44	-5	k04-068.png	
0.5	5.42	38.56	3.19	13.08	180	k04-075.png	
-0.35	3.98	52.74	0.58	18.71	180	k04-079.png	
2.06	7.04	29.96	2.75	16.84	180	k04-085.png	
-0.75	6.86	30.76	1.55	16.4	-5	k04-093.png	
0.09	7.96	26.64	3.41	18.94	180	k04-099.png	
0.12	5.72	36.91	2.25	13.67	-5	k04-103.png	
0.91	7.23	29.33	2.27	17.2	180	k04-106.png	
0.11	4.62	45.47	0.85	21.71	-15	k04-110.png	
0.0	5.1	41.2	1.6	12.25	-5	k04-115.png	
-0.48	5.28	40.0	2.08	12.61	-5	k04-119.png	
0.0	5.83	35.86	1.49	9.17	180	k04-126.png	
0.29	7.41	28.19	0.95	11.92	-5	k04-136.png	
0.13	4.11	50.87	2.39	19.38	-5	k04-142.png	
-0.28	5.28	39.94	2.6	12.62	180	k04-149.png	
0.28	5.06	41.74	1.69	4.13	180	k04-156.png	
-0.1	5.63	37.14	1.4	13.57	180	k04-163.png	
0.34	5.74	36.76	2.37	26.82	-45	k07-059a.png	
1.57	6.3	33.8	2.84	29.17	-45	k07-063a.png	
-0.21	6.08	35.06	3.36	28.12	-45	k07-067a.png	
0.57	5.8	36.19	2.42	27.22	-45	k07-077.png	
0.39	6.01	35.3	2.68	27.9	-45	k07-085.png	
0.3	4.75	44.67	1.77	22.05	-45	k07-122.png	
0.33	5.14	41.41	2.68	23.79	-45	k07-125.png	
-1.1	4.18	50.5	2.21	19.5	-45	k07-134.png	
-0.32	4.53	46.76	1.64	21.06	-45	k07-141.png	
0.58	3.89	54.5	1.38	18.07	-45	k07-146.png	
-1.06	11.82	17.86	9.38	27.92	-45	k07-152.png	
0.0	10.7	20.0	15.21	24.98	-45	k07-158.png	
-0.17	7.22	29.24	3.22	33.69	-45	k07-166.png	
0.07	10.14	20.82	10.34	24.09	-45	k07-176.png	
0.0	5.34	39.53	0.93	16.66	-45	k07-185.png	
-1.37	3.54	60.74	0.38	16.17	-15	l01-000.png	
0.0	6.5	32.0	4.06	15.69	-15	l01-007.png	
-0.07	6.24	33.17	3.34	15.12	-30	l01-016.png	
-0.21	5.68	39.05	2.49	12.84	-15	l01-023.png	
0.0	4.83	43.04	1.15	12.09	-15	l01-030.png	
-0.29	5.78	35.96	2.01	13.95	-15	l01-050.png	
-0.16	3.61	57.67	0.92	17.01	-15	l01-065.png	
1.02	5.66	36.94	3.39	13.58	-15	l01-082.png	
0.0	6.87	30.0	3.12	16.72	-15	l01-095.png	
0.26	6.93	29.85	1.18	16.8	-15	l01-105.png	
0.5	6.83	30.0	4.4	12.92	-15	l01-111.png	
0.7	5.47	38.0	3.01	13.2	-15	l01-119.png	
-0.22	7.37	27.95	3.64	17.94	-15	l01-129.png	
-0.07	7.39	28.16	1.55	17.83	-15	l01-133.png	
0.0	4.97	41.85	2.1	11.98	-15	l01-143.png	
0.23	8.66	23.67	3.06	21.19	-15	l01-157.png	
0.0	6.12	34.0	1.63	14.74	-15	l01-173.png	
-0.27	3.96	52.32	1.34	18.75	-15	l01-179.png	
1.24	4.51	46.38	1.15	21.17	-15	l01-187.png	
0.0	5.58	37.11	2.68	13.5	-15	l01-195.png	
-0.63	5.03	41.33	1.16	12.13	-15	l01-199.png	
0.0	7.84	26.15	1.48	12.76	-15	l03-000.png	
0.0	4.9	42.06	0.92	23.35	-15	l03-004.png	
0.91	4.81	43.08	1.4	22.79	-15	l03-008.png	
0.5	7.18	29.27	4.9	17.15	-15	l04-000.png	
0.35	6.54	32.55	1.56	15.42	-15	l04-005.png	
0.63	5.35	39.45	1.12	12.72	-15	l04-012.png	
0.17	6.18	34.16	2.99	14.7	-15	l04-020.png	
0.37	5.9	35.57	2.17	14.1	-15	l04-026.png	
0.06	7.47	28.26	3.82	17.74	-15	l04-034.png	
-0.33	9.11	23.06	6.01	21.77	-15	l04-043.png	
0.14	6.22	34.08	1.92	14.72	-30	l04-052.png	
0.4	6.45	32.54	1.84	10.28	-30	l04-062.png	
0.23	5.01	41.89	2.43	23.49	-15	l04-066.png	
0.77	6.35	33.54	1.76	14.95	-15	l04-071.png	
0.41	3.45	61.24	0.69	16.05	-15	l04-082.png	
-0.38	7.92	26.77	3.39	18.75	-15	l04-087.png	
-0.7	5.45	38.9	2.33	12.9	-15	l04-093.png	
1.67	7.09	29.76	1.29	16.87	-30	l04-098.png	
-2.46	5.66	37.25	1.89	13.48	-15	l04-102.png	
-0.18	5.55	38.2	2.39	13.13	-15	l04-106.png	
0.12	6.96	30.33	3.74	16.55	-15	l04-113.png	
0.0	5.06	41.67	2.45	23.62	-15	l04-118.png	
0.14	5.61	37.62	1.87	13.34	-15	l04-124.png	
-0.2	6.76	31.34	1.58	16.02	-15	l04-130.png	
1.21	5.97	35.2	1.94	9.49	-15	l04-136.png	
0.14	6.15	33.96	2.31	14.78	-15	l04-141.png	
0.65	8.05	25.96	2.84	19.32	-15	l04-147.png	
0.29	5.1	41.58	2.28	12.07	-15	l04-153.png	
-1.19	5.15	41.0	1.53	23.98	-15	l04-159.png	
0.72	6.43	32.52	2.46	15.44	-15	l04-163.png	
0.81	7.06	29.74	2.79	16.88	-15	l04-170.png	
0.09	7.9	26.57	3.64	18.87	-15	l04-174.png	
-0.41	6.64	31.92	2.24	15.71	-15	l04-179.png	
1.14	5.87	36.14	4.13	27.45	-15	l07-052.png	
1.05	5.69	36.73	3.71	26.98	-15	l07-065.png	
1.04	5.9	35.94	3.24	27.57	-15	l07-074.png	
0.0	6.39	33.0	6.15	14.98	-15	l07-080.png	
-0.29	4.86	43.87	2.94	22.59	-15	l07-085.png	
0.0	10.01	21.38	14.17	23.63	-15	l07-103.png	
0.0	10.87	19.5	12.3	25.9	-15	l07-111.png	
0.0	5.55	38.0	2.21	13.32	-15	l07-118.png	
0.07	5.97	35.5	1.52	14.27	-15	l07-131.png	
0.74	4.67	45.65	1.47	21.73	-15	l07-135.png	
-0.15	4.89	42.94	2.36	23.1	-15	l07-138.png	
1.05	6.13	34.56	1.39	28.64	-15	l07-172.png	
-0.62	6.08	34.7	2.81	28.53	-15	l07-176.png	
-0.52	5.46	38.43	2.01	25.78	-15	l07-181.png	
-0.72	5.33	39.43	2.21	25.13	-15	l07-187.png	
0.31	7.31	28.72	4.02	17.56	-15	l07-190.png	
0.39	6.69	31.52	2.4	15.82	180	m01-000.png	
0.96	4.15	49.86	0.79	19.61	180	m01-012.png	
0.0	3.88	53.35	1.43	18.35	180	m01-017.png	
0.53	7.11	29.24	4.22	17.07	180	m01-022.png	
-0.08	5.0	41.42	1.49	11.77	180	m01-026.png	
-0.07	6.09	33.5	1.98	14.91	180	m01-032.png	
-0.04	4.06	50.03	0.81	19.57	180	m01-038.png	
0.74	4.89	42.31	0.96	23.14	180	m01-049.png	
-0.59	5.02	41.46	1.6	23.61	180	m01-060.png	
1.96	4.6	46.09	1.55	21.26	180	m01-079.png	
-0.2	7.05	29.1	3.25	17.15	180	m01-084.png	
-1.39	6.68	31.12	2.2	10.68	180	m01-090.png	
0.76	4.98	41.73	1.82	23.46	180	m01-095.png	
0.29	5.91	35.05	2.7	14.24	180	m01-100.png	
-1.01	4.83	42.88	1.41	22.81	180	m01-104.png	
-0.39	4.21	48.71	0.9	20.08	-5	m01-110.png	
0.51	3.73	54.71	1.92	17.9	180	m01-115.png	
-1.9	5.77	35.7	1.06	13.98	-5	m01-121.png	
0.42	5.48	37.76	1.16	13.22	-5	m01-125.png	
0.85	4.34	47.94	2.18	20.4	-15	m01-131.png	
1.31	4.82	42.95	0.65	22.8	-5	m01-136.png	
0.39	5.48	37.8	1.74	13.19	180	m01-149.png	
-0.83	4.68	44.26	2.08	22.07	-5	m01-160.png	
0.0	4.86	42.58	0.84	22.97	180	m02-048.png	
0.4	4.52	46.21	1.95	21.16	180	m02-052.png	
-0.2	4.68	44.48	1.33	21.96	180	m02-055.png	
-0.81	4.53	45.71	1.7	21.37	-5	m02-059.png	
-0.59	5.56	36.86	2.19	13.25	180	m02-066.png	
-0.73	4.12	49.71	1.17	19.69	180	m02-069.png	
-0.3	3.84	53.84	1.53	18.15	180	m02-072.png	
2.56	6.32	32.93	4.24	15.15	-5	m02-075.png	
-0.05	5.24	39.54	1.34	24.71	-5	m02-080.png	
3.09	5.46	37.88	1.24	11.61	180	m02-083.png	
0.09	5.18	40.17	2.58	24.32	-5	m02-087.png	
0.83	6.72	30.82	0.84	16.18	180	m02-090.png	
0.79	4.78	43.68	1.37	22.44	-5	m02-095.png	
-1.04	6.23	33.71	2.66	14.77	180	m02-102.png	
-0.14	5.72	36.52	1.15	13.65	180	m02-106.png	
0.22	3.73	55.5	1.12	17.62	180	m02-109.png	
0.0	5.33	38.68	2.61	13.64	180	m02-112.png	
-0.17	4.7	44.66	0.98	21.95	-15	m03-006.png	
0.0	4.44	47.06	2.24	20.8	-5	m03-013.png	
-0.84	5.8	36.24	3.21	13.77	-5	m03-020.png	
0.0	5.33	39.19	1.54	25.0	-15	m03-033.png	
-2.31	5.18	40.31	1.22	24.31	-5	m03-062.png	
1.39	4.95	42.62	1.53	11.82	180	m03-095.png	
0.18	4.29	48.7	0.83	20.1	180	m03-110.png	
0.11	5.08	40.92	0.71	23.9	-5	m03-114.png	
0.0	9.05	23.11	4.9	21.58	180	m03-118.png	
0.0	5.23	40.35	2.21	12.57	180	m04-000.png	
0.52	4.15	50.36	1.34	19.48	180	m04-007.png	
-0.68	8.69	24.38	7.18	20.5	-5	m04-012.png	
2.05	4.65	45.18	2.38	21.71	180	m04-019.png	
0.11	6.67	31.5	5.86	15.87	180	m04-024.png	
1.9	4.36	48.35	2.15	20.31	180	m04-030.png	
2.5	3.81	55.33	2.12	8.86	180	m04-038.png	
0.35	3.34	62.86	1.95	15.61	180	m04-043.png	
0.0	3.14	66.92	1.98	14.66	180	m04-061.png	
0.09	4.73	45.0	0.99	21.82	180	m04-072.png	
0.0	4.29	49.15	1.64	19.98	180	m04-078.png	
-0.62	4.65	45.37	0.98	10.82	180	m04-081.png	
0.0	5.73	36.46	1.74	13.74	180	m04-093.png	
0.29	6.2	33.71	2.66	14.83	180	m04-100.png	
-0.12	4.32	48.43	0.91	20.28	180	m04-107.png	
0.0	4.0	52.5	0.76	18.69	180	m04-113.png	
0.48	4.45	46.93	0.91	20.9	180	m04-123.png	
0.34	4.41	48.26	1.34	20.33	180	m04-131.png	
0.1	3.76	56.09	1.01	17.51	180	m04-138.png	
1.08	5.98	35.1	2.52	14.26	180	m04-145.png	
0.7	6.58	31.78	2.55	15.73	180	m04-152.png	
-0.59	13.46	15.53	4.22	32.19	-15	m04-164.png	
1.3	6.92	30.19	2.18	16.56	180	m04-180.png	
0.15	5.54	38.12	1.62	25.76	180	m04-190.png	
0.0	4.82	43.75	2.7	11.18	180	m04-200.png	
0.0	5.87	35.94	3.24	13.9	180	m04-209.png	
-0.19	6.28	33.58	3.06	14.89	-15	m04-216.png	
0.89	5.66	37.45	2.46	13.35	-5	m04-222.png	
1.02	5.47	38.37	2.56	25.57	180	m04-231.png	
-0.21	4.5	46.94	2.45	10.43	-5	m04-238.png	
-0.28	5.01	42.15	2.07	23.27	180	m04-246.png	
-0.07	12.99	16.17	25.73	30.93	180	m04-251.png	
0.29	7.83	26.82	3.39	18.79	180	m06-019.png	
0.03	4.89	43.39	2.39	22.7	180	m06-031.png	
-0.22	6.05	34.56	3.68	14.57	180	m06-042.png	
0.44	5.96	35.09	2.2	14.35	180	m06-048.png	
0.21	5.75	36.69	3.41	13.72	180	m06-056.png	
0.19	6.29	33.37	3.08	15.1	-5	m06-067.png	
0.51	5.0	42.19	2.83	11.93	180	m06-076.png	
0.27	5.64	37.22	2.86	13.53	180	m06-083.png	
1.21	5.46	38.47	2.54	13.07	180	m06-091.png	
0.16	7.15	29.67	3.15	16.96	180	m06-098.png	
-0.14	4.81	43.68	1.69	11.53	180	m06-106.png	
0.07	6.8	30.6	1.82	16.44	-5	n01-000.png	
-0.15	4.44	47.08	1.3	20.9	-5	n01-004.png	
1.12	6.27	33.63	1.03	14.99	-15	n01-009.png	
0.0	4.0	51.23	1.3	19.21	180	n01-020.png	
0.4	4.07	50.81	1.43	19.37	-5	n01-031.png	
-1.62	5.69	36.2	2.58	13.91	-5	n01-036.png	
0.23	3.43	60.57	1.04	16.25	180	n01-045.png	
-0.74	2.89	71.52	0.45	13.76	180	n01-052.png	
1.47	5.09	41.07	1.34	12.26	-5	n01-057.png	
0.0	5.79	36.24	1.95	13.92	180	n02-000.png	
0.63	6.13	34.61	2.26	14.58	180	n02-004.png	
0.6	7.32	28.83	2.91	17.52	180	n02-009.png	
0.17	4.51	46.6	1.88	21.18	180	n02-016.png	
-0.28	3.09	70.0	0.42	7.01	180	n02-028.png	
0.22	7.01	29.67	8.72	16.97	180	n02-033.png	
0.0	6.91	30.09	2.92	16.75	180	n02-037.png	
0.17	5.14	42.05	1.93	11.97	180	n02-040.png	
-0.61	3.95	54.11	1.66	18.18	180	n02-045.png	
0.0	5.36	40.52	1.47	12.44	180	n02-049.png	
-0.72	5.17	39.83	0.81	12.64	-5	n02-054.png	
0.88	5.55	37.3	1.57	13.5	-5	n02-062.png	
0.0	5.17	40.06	2.67	12.58	180	n02-082a.png	
-0.48	7.89	26.5	2.64	12.67	180	n02-098.png	
0.35	4.39	48.11	1.83	20.5	180	n02-104.png	
0.59	4.57	46.0	1.68	21.41	180	n02-109.png	
0.0	3.99	52.67	1.05	18.7	180	n02-114.png	
-0.43	3.77	55.39	1.6	17.78	180	n02-120.png	
-1.07	3.69	56.16	1.43	17.56	180	n02-127.png	
-0.7	5.71	36.43	2.09	13.85	180	n02-146.png	
0.08	4.98	41.93	0.57	12.03	180	n02-151.png	
-0.2	6.54	31.94	3.51	15.81	180	n02-154.png	
-0.15	3.97	52.43	1.15	18.79	180	n02-157.png	
0.04	4.9	42.88	2.56	11.74	180	n03-038.png	
1.55	4.13	50.59	2.01	19.47	180	n03-064.png	
1.09	6.33	32.88	2.29	15.32	180	n03-066.png	
-0.23	6.33	33.0	6.13	15.27	180	n03-079.png	
0.67	3.2	65.35	0.98	7.54	180	n03-082.png	
-0.04	5.6	37.12	2.05	13.59	-5	n03-091.png	
-1.23	7.21	29.0	1.49	17.38	180	n03-097.png	
0.0	4.45	46.94	0.63	20.98	180	n03-103.png	
-0.87	3.68	56.3	0.71	17.48	-5	n03-106.png	
-0.38	3.78	56.11	1.57	17.55	180	n03-113.png	
-0.27	5.29	39.33	1.2	12.81	-5	n03-120.png	
-3.46	4.59	45.56	2.16	11.06	180	n03-126.png	
1.05	5.13	41.35	2.69	12.2	180	n04-000.png	
-0.12	4.7	44.88	2.4	21.99	180	n04-009.png	
0.37	4.64	45.26	2.02	21.85	180	n04-015.png	
0.07	4.54	45.86	1.69	21.57	-5	n04-022.png	
-0.44	4.98	42.14	1.8	11.97	180	n04-031.png	
0.78	4.95	43.0	2.17	11.74	180	n04-039.png	
2.38	3.99	52.33	0.85	18.9	-15	n04-044.png	
2.4	3.85	54.3	1.08	18.21	180	n04-048.png	
-1.26	3.62	58.05	1.13	17.02	-5	n04-052.png	
-0.14	4.12	51.0	1.68	19.37	180	n04-060.png	
1.0	3.79	54.84	1.49	8.99	180	n04-068.png	
-1.19	3.68	56.72	1.54	17.42	180	n04-075.png	
0.66	6.2	33.88	2.19	8.92	-5	n04-084.png	
0.51	4.88	43.04	1.51	11.73	180	n04-092.png	
0.65	6.41	32.46	2.07	15.56	180	n04-100.png	
1.65	4.84	42.96	1.52	8.12	180	n04-107.png	
-0.72	4.56	46.32	1.55	21.31	180	n04-114.png	
-0.08	3.91	53.5	1.69	8.88	180	n04-130.png	
-1.46	3.43	60.68	0.71	16.32	-5	n04-139.png	
-0.18	4.41	47.36	0.95	20.88	180	n04-149.png	
-0.05	4.45	46.72	1.22	21.17	180	n04-156.png	
0.28	5.26	39.72	1.25	12.71	180	n04-163.png	
0.07	5.02	41.81	1.95	12.09	-5	n04-171.png	
1.18	3.9	53.28	1.7	7.64	180	n04-183.png	
0.92	4.33	48.71	2.13	20.31	180	n04-190.png	
-0.45	5.03	41.58	2.28	12.13	180	n04-195.png	
0.19	5.23	39.6	1.23	8.51	-5	n04-202.png	
-0.05	5.18	40.32	2.0	6.56	180	n04-209.png	
-0.13	5.18	40.96	1.71	12.33	180	n04-213.png	
-0.37	5.52	38.07	1.52	8.83	180	n04-218.png	
0.64	6.87	30.58	2.53	16.38	-45	n06-074.png	
0.29	5.65	37.0	2.68	13.53	-45	n06-082.png	
0.0	6.85	30.66	1.96	16.33	-45	n06-092.png	
0.0	5.66	37.11	1.54	13.49	-45	n06-100.png	
0.17	7.07	29.7	3.36	16.87	-45	n06-111.png	
1.41	5.85	35.88	3.51	13.95	-45	n06-119.png	
0.0	7.1	29.43	1.93	17.0	-45	n06-123.png	
0.61	7.36	28.4	5.08	17.62	-45	n06-128.png	
-0.5	7.25	29.11	2.18	17.2	-45	n06-133.png	
0.0	6.8	30.73	2.83	16.26	-45	n06-140.png	
0.04	12.42	16.83	11.81	29.79	-45	n06-148.png	
0.05	9.64	21.89	12.13	22.91	-45	n06-156.png	
0.29	6.24	33.8	2.83	14.84	-45	n06-163.png	
0.8	6.35	33.25	3.86	15.05	-45	n06-169.png	
0.93	7.97	26.62	2.74	18.84	-45	n06-175.png	
0.39	7.29	28.8	3.49	17.4	-45	n06-182.png	
0.0	6.19	33.79	3.03	14.84	-45	n06-186.png	
0.55	6.67	31.32	3.35	16.0	-45	n06-194.png	
0.0	6.63	31.21	3.36	16.04	-45	n06-201.png	
0.0	5.52	37.32	1.04	9.01	-15	p01-147.png	
0.72	6.53	31.71	1.33	14.16	-15	p01-155.png	
0.72	4.89	42.17	2.42	23.22	-15	p01-168.png	
2.91	5.45	39.46	1.52	8.43	-15	p01-174.png	
0.5	3.97	52.2	2.31	18.75	-15	p02-000.png	
0.09	4.33	48.46	0.91	20.2	-15	p02-008.png	
-2.95	4.77	43.38	1.53	22.59	-15	p02-017.png	
0.53	4.64	44.85	1.14	10.9	-15	p02-022.png	
0.2	5.38	38.69	3.19	12.91	-15	p02-027.png	
0.25	5.06	41.5	1.41	23.64	-15	p02-069.png	
2.34	5.02	42.22	1.67	23.24	-15	p02-076.png	
0.64	6.01	34.97	1.47	14.3	-15	p02-081.png	
-0.43	5.99	34.88	2.1	14.35	-15	p02-090.png	
4.15	5.23	39.94	2.6	12.49	-15	p02-101.png	
0.11	4.54	45.59	1.58	21.45	-15	p02-105.png	
0.0	7.16	29.34	0.8	17.01	-15	p02-109.png	
0.24	5.64	36.52	1.84	13.66	-15	p02-115.png	
-0.05	4.39	47.16	1.89	20.74	-15	p02-121.png	
0.34	4.45	46.76	2.26	20.91	-15	p02-127.png	
0.84	5.68	36.25	1.98	13.78	-15	p02-131.png	
1.09	5.64	37.06	3.11	13.47	-15	p02-135.png	
-0.29	7.02	29.61	2.8	16.85	-15	p02-139.png	
-0.72	4.32	47.67	2.02	20.52	-15	p02-144.png	
0.04	6.99	29.75	2.11	16.76	-15	p02-150.png	
1.2	7.67	27.11	9.61	18.42	-15	p02-155.png	
0.82	6.75	31.12	2.33	16.03	-15	p03-004.png	
0.0	16.88	12.38	5.04	27.09	-15	p03-009.png	
0.0	5.84	35.78	1.68	13.96	-15	p03-012.png	
0.23	5.42	38.22	3.12	13.06	-15	p03-023.png	
1.69	4.48	46.65	1.64	20.99	-15	p03-027.png	
0.88	5.29	39.29	0.94	12.7	-15	p03-029.png	
-0.3	6.3	33.0	4.37	15.12	-15	p03-033.png	
0.24	5.24	39.47	1.25	12.66	-15	p03-040.png	
-1.77	4.36	48.15	0.99	20.31	-15	p03-047.png	
-0.7	4.68	44.88	1.41	21.82	-15	p03-057.png	
1.07	6.28	33.46	2.53	14.91	-15	p03-069.png	
-0.21	5.09	41.04	1.81	23.85	-15	p03-072.png	
0.16	5.88	35.56	3.56	14.03	-15	p03-080.png	
-0.08	5.49	38.09	1.12	13.11	-15	p03-087.png	
0.88	4.26	48.84	1.12	20.05	-15	p03-096.png	
-0.96	5.39	38.81	1.65	25.23	-15	p03-103.png	
-0.49	5.45	38.56	1.1	25.39	-15	p03-112.png	
-1.04	3.86	53.89	1.67	18.15	-15	p03-121.png	
-0.17	4.33	48.0	2.18	20.38	-15	p03-135.png	
0.41	3.55	58.89	1.44	16.61	-15	p03-142.png	
-3.75	5.18	39.74	1.42	12.54	-15	p03-151.png	
-0.05	5.57	37.68	2.42	13.24	-15	p03-158.png	
0.59	4.07	51.1	1.42	19.14	-15	p03-163.png	
0.4	7.32	28.26	1.7	17.65	-15	p03-173.png	
-1.59	4.74	43.27	0.99	22.6	-15	p03-181.png	
-0.09	5.08	41.17	1.99	23.73	-15	p03-185.png	
-1.17	7.26	28.8	3.92	17.31	-15	p03-189.png	
1.35	3.6	58.12	0.78	16.95	-15	p06-030.png	
0.0	3.45	60.81	0.37	16.2	-15	p06-042.png	
0.05	3.45	61.19	0.57	16.1	-15	p06-047.png	
0.0	3.62	57.75	0.6	17.06	-15	p06-052.png	
2.35	4.6	45.62	0.36	21.57	-15	p06-058.png	
0.64	2.4	87.35	0.48	11.27	-15	p06-069.png	
2.9	4.31	48.27	0.79	12.11	-15	p06-088.png	
2.47	4.52	46.66	0.46	21.09	-15	p06-096.png	
0.0	3.45	60.67	0.64	16.25	-15	p06-104.png	
0.99	6.79	31.23	2.19	16.09	-15	p06-242.png	
-0.69	7.78	27.37	3.98	18.4	-15	p06-248.png	
0.17	4.55	45.28	2.18	11.14	180	r02-000.png	
0.0	5.35	38.88	2.92	12.99	-5	r02-003.png	
0.13	9.17	22.47	6.74	18.25	180	r02-006.png	
0.42	5.07	41.04	1.87	12.3	180	r02-010.png	
-1.45	4.17	49.59	0.82	19.86	-15	r02-013.png	
0.57	4.49	46.12	2.31	10.94	180	r02-038.png	
-0.56	5.56	37.23	1.68	13.55	-5	r02-054.png	
0.1	4.46	46.19	0.63	7.27	180	r02-060.png	
-0.87	3.66	56.55	1.29	17.42	-5	r02-065.png	
0.79	6.01	34.75	2.73	14.52	180	r02-070.png	
0.13	5.25	39.44	2.65	12.79	180	r02-078.png	
0.69	4.5	45.73	1.58	11.03	-5	r02-081.png	
0.0	4.7	44.51	0.73	11.33	180	r02-089.png	
0.19	5.1	40.41	1.37	12.49	180	r02-109.png	
0.0	5.49	37.69	3.3	13.39	-5	r02-117.png	
0.82	6.48	31.94	4.07	15.8	-5	r02-127.png	
1.05	6.84	30.13	4.73	11.15	-5	r02-131.png	
-0.34	4.17	49.43	1.5	19.93	-15	r02-137.png	
-1.42	4.21	49.35	2.11	10.99	180	r02-146.png	
0.77	6.4	32.52	1.07	15.5	180	r03-002.png	
0.11	5.64	36.9	1.65	13.66	-5	r03-007.png	
-0.4	5.34	39.5	1.05	12.77	180	r03-026.png	
0.06	6.27	33.18	2.54	15.17	180	r03-030.png	
1.15	5.81	36.0	1.21	14.04	180	r03-035.png	
0.21	4.83	43.06	2.34	11.71	180	r03-050.png	
0.0	4.24	49.03	0.76	20.11	180	r03-053.png	
0.0	4.59	44.92	1.28	11.22	180	r03-056.png	
0.0	7.08	29.52	1.9	17.06	180	r03-065.png	
0.31	3.48	59.75	0.55	16.47	180	r03-084.png	
0.94	6.56	31.54	2.42	13.01	180	r03-090.png	
0.0	9.17	22.89	5.42	22.04	180	r03-096.png	
0.18	5.28	40.0	1.17	12.62	180	r03-110.png	
-0.1	8.22	25.67	10.22	19.68	180	r03-115.png	
1.71	4.44	47.33	2.64	20.77	-45	r06-000.png	
0.25	5.56	37.92	1.85	13.23	-45	r06-003.png	
0.0	4.68	44.89	2.2	21.9	-45	r06-007.png	
1.22	5.14	40.69	2.98	12.34	-45	r06-011.png	
0.59	5.56	37.75	2.43	13.27	-45	r06-018.png	
1.26	5.43	39.05	2.16	12.86	-45	r06-022.png	
-0.47	4.33	49.24	2.09	19.95	-45	r06-027.png	
-0.55	5.3	39.23	2.0	12.8	-45	r06-035.png	
-0.65	6.97	30.26	1.51	16.55	-45	r06-041.png	
0.04	5.09	41.44	0.73	23.72	-45	r06-044.png	
0.9	5.81	36.0	3.0	13.92	-45	r06-049.png	
1.6	4.4	47.96	1.35	20.5	-45	r06-053.png	
1.02	5.54	38.12	1.71	13.16	-45	r06-057.png	
0.38	6.26	33.54	1.76	14.94	-45	r06-062.png	
0.35	4.42	47.95	1.7	20.52	-45	r06-066.png	
-0.05	4.96	42.36	1.44	23.21	-45	r06-070.png	
0.42	5.66	36.93	1.5	13.57	-45	r06-076.png	
0.11	5.56	38.14	1.34	13.14	-45	r06-090.png	
0.63	5.12	41.42	1.4	23.73	-45	r06-097.png	
0.54	5.81	36.82	2.19	13.63	-45	r06-103.png	
0.52	7.47	28.26	1.96	17.76	-45	r06-106.png	
-0.18	5.18	40.77	1.89	12.31	-45	r06-111.png	
-0.66	6.01	34.93	1.47	14.36	-45	r06-115.png	
0.13	5.88	35.53	1.28	14.13	-45	r06-121.png	
-0.51	5.16	40.5	1.66	24.27	-45	r06-126.png	
0.0	7.23	28.92	1.49	17.33	-45	r06-130.png	
0.0	5.67	36.89	1.6	13.61	-45	r06-137.png	
0.67	4.87	43.08	4.01	13.52	-45	r06-143.png	
